SiteName,SiteHole,Lat,Lon,pLat325,pLon325,pLat475,pLon475,WaterDepth,MBSF,MCD,Age,ProxyValue,ProxyType,CleaningMethod,Species,LeadAuthor,Year,pubDOI,dataDOI,Notes
HadiSST,,41.5,-32.5,,,,,,,,0,0.644,uk,,,,,,,Preindustrial SST estimate of uk from HadiSST 1870 to 1900
DSDP607,A,41.0012,-32.9573,40.46044645,-32.58172075,40.20852187,-32.4138934,3427,,9.29,0.247834118,0.536,uk,,,Lawrence,2010,https://doi.org/10.1016/j.epsl.2010.10.013,https://doi.org/10.25921/phvg-5h05,
DSDP607,A,41.0012,-32.9573,40.46044645,-32.58172075,40.20852187,-32.4138934,3427,,9.36,0.2497425,0.503,uk,,,Lawrence,2010,https://doi.org/10.1016/j.epsl.2010.10.013,https://doi.org/10.25921/phvg-5h05,
DSDP607,A,41.0012,-32.9573,40.46044645,-32.58172075,40.20852187,-32.4138934,3427,,9.49,0.252565714,0.524,uk,,,Lawrence,2010,https://doi.org/10.1016/j.epsl.2010.10.013,https://doi.org/10.25921/phvg-5h05,
DSDP607,A,41.0012,-32.9573,40.46044645,-32.58172075,40.20852187,-32.4138934,3427,,9.62,0.25524,0.54,uk,,,Lawrence,2010,https://doi.org/10.1016/j.epsl.2010.10.013,https://doi.org/10.25921/phvg-5h05,
DSDP607,A,41.0012,-32.9573,40.46044645,-32.58172075,40.20852187,-32.4138934,3427,,9.78,0.25847,0.5465,uk,,,Lawrence,2010,https://doi.org/10.1016/j.epsl.2010.10.013,https://doi.org/10.25921/phvg-5h05,
DSDP607,A,41.0012,-32.9573,40.46044645,-32.58172075,40.20852187,-32.4138934,3427,,9.93,0.261341875,0.557,uk,,,Lawrence,2010,https://doi.org/10.1016/j.epsl.2010.10.013,https://doi.org/10.25921/phvg-5h05,
DSDP607,A,41.0012,-32.9573,40.46044645,-32.58172075,40.20852187,-32.4138934,3427,,10.07,0.263888125,0.524,uk,,,Lawrence,2010,https://doi.org/10.1016/j.epsl.2010.10.013,https://doi.org/10.25921/phvg-5h05,
DSDP607,*,41.0012,-32.9573,40.46044645,-32.58172075,40.20852187,-32.4138934,3427,,10.23,0.266395625,0.521,uk,,,Lawrence,2010,https://doi.org/10.1016/j.epsl.2010.10.013,https://doi.org/10.25921/phvg-5h05,
DSDP607,*,41.0012,-32.9573,40.46044645,-32.58172075,40.20852187,-32.4138934,3427,,10.56,0.27109,0.529,uk,,,Lawrence,2010,https://doi.org/10.1016/j.epsl.2010.10.013,https://doi.org/10.25921/phvg-5h05,
DSDP607,*,41.0012,-32.9573,40.46044645,-32.58172075,40.20852187,-32.4138934,3427,,10.7,0.27305,0.406,uk,,,Lawrence,2010,https://doi.org/10.1016/j.epsl.2010.10.013,https://doi.org/10.25921/phvg-5h05,
DSDP607,*,41.0012,-32.9573,40.46044645,-32.58172075,40.20852187,-32.4138934,3427,,10.79,0.27431,0.448,uk,,,Lawrence,2010,https://doi.org/10.1016/j.epsl.2010.10.013,https://doi.org/10.25921/phvg-5h05,
DSDP607,*,41.0012,-32.9573,40.46044645,-32.58172075,40.20852187,-32.4138934,3427,,11.01,0.27739,0.5135,uk,,,Lawrence,2010,https://doi.org/10.1016/j.epsl.2010.10.013,https://doi.org/10.25921/phvg-5h05,
DSDP607,*,41.0012,-32.9573,40.46044645,-32.58172075,40.20852187,-32.4138934,3427,,11.15,0.27975,0.588,uk,,,Lawrence,2010,https://doi.org/10.1016/j.epsl.2010.10.013,https://doi.org/10.25921/phvg-5h05,
DSDP607,*,41.0012,-32.9573,40.46044645,-32.58172075,40.20852187,-32.4138934,3427,,11.31,0.282341875,0.589,uk,,,Lawrence,2010,https://doi.org/10.1016/j.epsl.2010.10.013,https://doi.org/10.25921/phvg-5h05,
DSDP607,*,41.0012,-32.9573,40.46044645,-32.58172075,40.20852187,-32.4138934,3427,,11.44,0.285105714,0.598,uk,,,Lawrence,2010,https://doi.org/10.1016/j.epsl.2010.10.013,https://doi.org/10.25921/phvg-5h05,
DSDP607,*,41.0012,-32.9573,40.46044645,-32.58172075,40.20852187,-32.4138934,3427,,11.6,0.289116,0.549,uk,,,Lawrence,2010,https://doi.org/10.1016/j.epsl.2010.10.013,https://doi.org/10.25921/phvg-5h05,
DSDP607,*,41.0012,-32.9573,40.46044645,-32.58172075,40.20852187,-32.4138934,3427,,11.73,0.292263333,0.438,uk,,,Lawrence,2010,https://doi.org/10.1016/j.epsl.2010.10.013,https://doi.org/10.25921/phvg-5h05,
DSDP607,*,41.0012,-32.9573,40.46044645,-32.58172075,40.20852187,-32.4138934,3427,,12.02,0.29878625,0.549,uk,,,Lawrence,2010,https://doi.org/10.1016/j.epsl.2010.10.013,https://doi.org/10.25921/phvg-5h05,
DSDP607,*,41.0012,-32.9573,40.46044645,-32.58172075,40.20852187,-32.4138934,3427,,12.15,0.302187059,0.583,uk,,,Lawrence,2010,https://doi.org/10.1016/j.epsl.2010.10.013,https://doi.org/10.25921/phvg-5h05,
DSDP607,*,41.0012,-32.9573,40.46044645,-32.58172075,40.20852187,-32.4138934,3427,,12.3,0.306643333,0.571,uk,,,Lawrence,2010,https://doi.org/10.1016/j.epsl.2010.10.013,https://doi.org/10.25921/phvg-5h05,
DSDP607,*,41.0012,-32.9573,40.46044645,-32.58172075,40.20852187,-32.4138934,3427,,12.5,0.312934,0.561,uk,,,Lawrence,2010,https://doi.org/10.1016/j.epsl.2010.10.013,https://doi.org/10.25921/phvg-5h05,
DSDP607,*,41.0012,-32.9573,40.46044645,-32.58172075,40.20852187,-32.4138934,3427,,12.65,0.317664,0.579,uk,,,Lawrence,2010,https://doi.org/10.1016/j.epsl.2010.10.013,https://doi.org/10.25921/phvg-5h05,
DSDP607,*,41.0012,-32.9573,40.46044645,-32.58172075,40.20852187,-32.4138934,3427,,12.8,0.3218125,0.572,uk,,,Lawrence,2010,https://doi.org/10.1016/j.epsl.2010.10.013,https://doi.org/10.25921/phvg-5h05,
DSDP607,*,41.0012,-32.9573,40.46044645,-32.58172075,40.20852187,-32.4138934,3427,,12.94,0.325522857,0.629,uk,,,Lawrence,2010,https://doi.org/10.1016/j.epsl.2010.10.013,https://doi.org/10.25921/phvg-5h05,
DSDP607,*,41.0012,-32.9573,40.46044645,-32.58172075,40.20852187,-32.4138934,3427,,13.08,0.32908,0.637,uk,,,Lawrence,2010,https://doi.org/10.1016/j.epsl.2010.10.013,https://doi.org/10.25921/phvg-5h05,
DSDP607,*,41.0012,-32.9573,40.46044645,-32.58172075,40.20852187,-32.4138934,3427,,13.2,0.331804667,0.616,uk,,,Lawrence,2010,https://doi.org/10.1016/j.epsl.2010.10.013,https://doi.org/10.25921/phvg-5h05,
DSDP607,*,41.0012,-32.9573,40.46044645,-32.58172075,40.20852187,-32.4138934,3427,,13.27,0.333279333,0.571,uk,,,Lawrence,2010,https://doi.org/10.1016/j.epsl.2010.10.013,https://doi.org/10.25921/phvg-5h05,
DSDP607,*,41.0012,-32.9573,40.46044645,-32.58172075,40.20852187,-32.4138934,3427,,13.34,0.334726522,0.4775,uk,,,Lawrence,2010,https://doi.org/10.1016/j.epsl.2010.10.013,https://doi.org/10.25921/phvg-5h05,
DSDP607,*,41.0012,-32.9573,40.46044645,-32.58172075,40.20852187,-32.4138934,3427,,13.54,0.3390025,0.486,uk,,,Lawrence,2010,https://doi.org/10.1016/j.epsl.2010.10.013,https://doi.org/10.25921/phvg-5h05,
DSDP607,*,41.0012,-32.9573,40.46044645,-32.58172075,40.20852187,-32.4138934,3427,,13.69,0.343048824,0.5135,uk,,,Lawrence,2010,https://doi.org/10.1016/j.epsl.2010.10.013,https://doi.org/10.25921/phvg-5h05,
DSDP607,*,41.0012,-32.9573,40.46044645,-32.58172075,40.20852187,-32.4138934,3427,,13.86,0.347124444,0.489,uk,,,Lawrence,2010,https://doi.org/10.1016/j.epsl.2010.10.013,https://doi.org/10.25921/phvg-5h05,
DSDP607,*,41.0012,-32.9573,40.46044645,-32.58172075,40.20852187,-32.4138934,3427,,13.99,0.349912222,0.547,uk,,,Lawrence,2010,https://doi.org/10.1016/j.epsl.2010.10.013,https://doi.org/10.25921/phvg-5h05,
DSDP607,*,41.0012,-32.9573,40.46044645,-32.58172075,40.20852187,-32.4138934,3427,,14.14,0.35264,0.545,uk,,,Lawrence,2010,https://doi.org/10.1016/j.epsl.2010.10.013,https://doi.org/10.25921/phvg-5h05,
DSDP607,*,41.0012,-32.9573,40.46044645,-32.58172075,40.20852187,-32.4138934,3427,,14.27,0.354844375,0.347,uk,,,Lawrence,2010,https://doi.org/10.1016/j.epsl.2010.10.013,https://doi.org/10.25921/phvg-5h05,
DSDP607,*,41.0012,-32.9573,40.46044645,-32.58172075,40.20852187,-32.4138934,3427,,14.46,0.35807,0.43,uk,,,Lawrence,2010,https://doi.org/10.1016/j.epsl.2010.10.013,https://doi.org/10.25921/phvg-5h05,
DSDP607,*,41.0012,-32.9573,40.46044645,-32.58172075,40.20852187,-32.4138934,3427,,14.6,0.36045,0.442,uk,,,Lawrence,2010,https://doi.org/10.1016/j.epsl.2010.10.013,https://doi.org/10.25921/phvg-5h05,
DSDP607,*,41.0012,-32.9573,40.46044645,-32.58172075,40.20852187,-32.4138934,3427,,14.73,0.36265625,0.4855,uk,,,Lawrence,2010,https://doi.org/10.1016/j.epsl.2010.10.013,https://doi.org/10.25921/phvg-5h05,
DSDP607,*,41.0012,-32.9573,40.46044645,-32.58172075,40.20852187,-32.4138934,3427,,14.82,0.36418,0.5145,uk,,,Lawrence,2010,https://doi.org/10.1016/j.epsl.2010.10.013,https://doi.org/10.25921/phvg-5h05,
DSDP607,*,41.0012,-32.9573,40.46044645,-32.58172075,40.20852187,-32.4138934,3427,,15.05,0.368435,0.562,uk,,,Lawrence,2010,https://doi.org/10.1016/j.epsl.2010.10.013,https://doi.org/10.25921/phvg-5h05,
DSDP607,*,41.0012,-32.9573,40.46044645,-32.58172075,40.20852187,-32.4138934,3427,,15.17,0.371131765,0.53,uk,,,Lawrence,2010,https://doi.org/10.1016/j.epsl.2010.10.013,https://doi.org/10.25921/phvg-5h05,
DSDP607,*,41.0012,-32.9573,40.46044645,-32.58172075,40.20852187,-32.4138934,3427,,15.3,0.37422,0.542,uk,,,Lawrence,2010,https://doi.org/10.1016/j.epsl.2010.10.013,https://doi.org/10.25921/phvg-5h05,
DSDP607,*,41.0012,-32.9573,40.46044645,-32.58172075,40.20852187,-32.4138934,3427,,15.48,0.3791,0.572,uk,,,Lawrence,2010,https://doi.org/10.1016/j.epsl.2010.10.013,https://doi.org/10.25921/phvg-5h05,
DSDP607,*,41.0012,-32.9573,40.46044645,-32.58172075,40.20852187,-32.4138934,3427,,15.62,0.383238,0.573,uk,,,Lawrence,2010,https://doi.org/10.1016/j.epsl.2010.10.013,https://doi.org/10.25921/phvg-5h05,
DSDP607,*,41.0012,-32.9573,40.46044645,-32.58172075,40.20852187,-32.4138934,3427,,15.73,0.38630375,0.6015,uk,,,Lawrence,2010,https://doi.org/10.1016/j.epsl.2010.10.013,https://doi.org/10.25921/phvg-5h05,
DSDP607,*,41.0012,-32.9573,40.46044645,-32.58172075,40.20852187,-32.4138934,3427,,15.88,0.390001429,0.505,uk,,,Lawrence,2010,https://doi.org/10.1016/j.epsl.2010.10.013,https://doi.org/10.25921/phvg-5h05,
DSDP607,*,41.0012,-32.9573,40.46044645,-32.58172075,40.20852187,-32.4138934,3427,,15.96,0.391704286,0.574,uk,,,Lawrence,2010,https://doi.org/10.1016/j.epsl.2010.10.013,https://doi.org/10.25921/phvg-5h05,
DSDP607,*,41.0012,-32.9573,40.46044645,-32.58172075,40.20852187,-32.4138934,3427,,16.08,0.39426125,0.601,uk,,,Lawrence,2010,https://doi.org/10.1016/j.epsl.2010.10.013,https://doi.org/10.25921/phvg-5h05,
DSDP607,*,41.0012,-32.9573,40.46044645,-32.58172075,40.20852187,-32.4138934,3427,,16.22,0.3972375,0.62,uk,,,Lawrence,2010,https://doi.org/10.1016/j.epsl.2010.10.013,https://doi.org/10.25921/phvg-5h05,
DSDP607,*,41.0012,-32.9573,40.46044645,-32.58172075,40.20852187,-32.4138934,3427,,16.34,0.399777273,0.624,uk,,,Lawrence,2010,https://doi.org/10.1016/j.epsl.2010.10.013,https://doi.org/10.25921/phvg-5h05,
DSDP607,*,41.0012,-32.9573,40.46044645,-32.58172075,40.20852187,-32.4138934,3427,,16.46,0.402291818,0.606,uk,,,Lawrence,2010,https://doi.org/10.1016/j.epsl.2010.10.013,https://doi.org/10.25921/phvg-5h05,
DSDP607,*,41.0012,-32.9573,40.46044645,-32.58172075,40.20852187,-32.4138934,3427,,16.63,0.406082353,0.6075,uk,,,Lawrence,2010,https://doi.org/10.1016/j.epsl.2010.10.013,https://doi.org/10.25921/phvg-5h05,
DSDP607,*,41.0012,-32.9573,40.46044645,-32.58172075,40.20852187,-32.4138934,3427,,16.83,0.411234286,0.639,uk,,,Lawrence,2010,https://doi.org/10.1016/j.epsl.2010.10.013,https://doi.org/10.25921/phvg-5h05,
DSDP607,*,41.0012,-32.9573,40.46044645,-32.58172075,40.20852187,-32.4138934,3427,,17.06,0.417074,0.64,uk,,,Lawrence,2010,https://doi.org/10.1016/j.epsl.2010.10.013,https://doi.org/10.25921/phvg-5h05,
DSDP607,*,41.0012,-32.9573,40.46044645,-32.58172075,40.20852187,-32.4138934,3427,,17.22,0.420482,0.614,uk,,,Lawrence,2010,https://doi.org/10.1016/j.epsl.2010.10.013,https://doi.org/10.25921/phvg-5h05,
DSDP607,*,41.0012,-32.9573,40.46044645,-32.58172075,40.20852187,-32.4138934,3427,,17.32,0.422562,0.588,uk,,,Lawrence,2010,https://doi.org/10.1016/j.epsl.2010.10.013,https://doi.org/10.25921/phvg-5h05,
DSDP607,*,41.0012,-32.9573,40.46044645,-32.58172075,40.20852187,-32.4138934,3427,,17.6,0.4279675,0.4105,uk,,,Lawrence,2010,https://doi.org/10.1016/j.epsl.2010.10.013,https://doi.org/10.25921/phvg-5h05,
DSDP607,*,41.0012,-32.9573,40.46044645,-32.58172075,40.20852187,-32.4138934,3427,,17.74,0.43064,0.438,uk,,,Lawrence,2010,https://doi.org/10.1016/j.epsl.2010.10.013,https://doi.org/10.25921/phvg-5h05,
DSDP607,*,41.0012,-32.9573,40.46044645,-32.58172075,40.20852187,-32.4138934,3427,,17.86,0.432904,0.31,uk,,,Lawrence,2010,https://doi.org/10.1016/j.epsl.2010.10.013,https://doi.org/10.25921/phvg-5h05,
DSDP607,*,41.0012,-32.9573,40.46044645,-32.58172075,40.20852187,-32.4138934,3427,,18.06,0.436664,0.396,uk,,,Lawrence,2010,https://doi.org/10.1016/j.epsl.2010.10.013,https://doi.org/10.25921/phvg-5h05,
DSDP607,*,41.0012,-32.9573,40.46044645,-32.58172075,40.20852187,-32.4138934,3427,,18.21,0.439204118,0.403,uk,,,Lawrence,2010,https://doi.org/10.1016/j.epsl.2010.10.013,https://doi.org/10.25921/phvg-5h05,
DSDP607,*,41.0012,-32.9573,40.46044645,-32.58172075,40.20852187,-32.4138934,3427,,18.335,0.4414,0.435,uk,,,Lawrence,2010,https://doi.org/10.1016/j.epsl.2010.10.013,https://doi.org/10.25921/phvg-5h05,
DSDP607,*,41.0012,-32.9573,40.46044645,-32.58172075,40.20852187,-32.4138934,3427,,18.38,0.44221,0.448,uk,,,Lawrence,2010,https://doi.org/10.1016/j.epsl.2010.10.013,https://doi.org/10.25921/phvg-5h05,
DSDP607,*,41.0012,-32.9573,40.46044645,-32.58172075,40.20852187,-32.4138934,3427,,18.53,0.44549,0.466,uk,,,Lawrence,2010,https://doi.org/10.1016/j.epsl.2010.10.013,https://doi.org/10.25921/phvg-5h05,
DSDP607,*,41.0012,-32.9573,40.46044645,-32.58172075,40.20852187,-32.4138934,3427,,18.63,0.448676667,0.512,uk,,,Lawrence,2010,https://doi.org/10.1016/j.epsl.2010.10.013,https://doi.org/10.25921/phvg-5h05,
DSDP607,*,41.0012,-32.9573,40.46044645,-32.58172075,40.20852187,-32.4138934,3427,,18.79,0.45412,0.4785,uk,,,Lawrence,2010,https://doi.org/10.1016/j.epsl.2010.10.013,https://doi.org/10.25921/phvg-5h05,
DSDP607,*,41.0012,-32.9573,40.46044645,-32.58172075,40.20852187,-32.4138934,3427,,18.93,0.458842581,0.482,uk,,,Lawrence,2010,https://doi.org/10.1016/j.epsl.2010.10.013,https://doi.org/10.25921/phvg-5h05,
DSDP607,*,41.0012,-32.9573,40.46044645,-32.58172075,40.20852187,-32.4138934,3427,,19.02,0.461832903,0.526,uk,,,Lawrence,2010,https://doi.org/10.1016/j.epsl.2010.10.013,https://doi.org/10.25921/phvg-5h05,
DSDP607,*,41.0012,-32.9573,40.46044645,-32.58172075,40.20852187,-32.4138934,3427,,19.14,0.46582,0.443,uk,,,Lawrence,2010,https://doi.org/10.1016/j.epsl.2010.10.013,https://doi.org/10.25921/phvg-5h05,
DSDP607,*,41.0012,-32.9573,40.46044645,-32.58172075,40.20852187,-32.4138934,3427,,19.16,0.4662775,0.453,uk,,,Lawrence,2010,https://doi.org/10.1016/j.epsl.2010.10.013,https://doi.org/10.25921/phvg-5h05,
DSDP607,*,41.0012,-32.9573,40.46044645,-32.58172075,40.20852187,-32.4138934,3427,,19.46,0.47254,0.402,uk,,,Lawrence,2010,https://doi.org/10.1016/j.epsl.2010.10.013,https://doi.org/10.25921/phvg-5h05,
DSDP607,*,41.0012,-32.9573,40.46044645,-32.58172075,40.20852187,-32.4138934,3427,,19.6,0.475601429,0.533,uk,,,Lawrence,2010,https://doi.org/10.1016/j.epsl.2010.10.013,https://doi.org/10.25921/phvg-5h05,
DSDP607,*,41.0012,-32.9573,40.46044645,-32.58172075,40.20852187,-32.4138934,3427,,19.7,0.478783333,0.631,uk,,,Lawrence,2010,https://doi.org/10.1016/j.epsl.2010.10.013,https://doi.org/10.25921/phvg-5h05,
DSDP607,*,41.0012,-32.9573,40.46044645,-32.58172075,40.20852187,-32.4138934,3427,,19.76,0.481019333,0.552,uk,,,Lawrence,2010,https://doi.org/10.1016/j.epsl.2010.10.013,https://doi.org/10.25921/phvg-5h05,
DSDP607,*,41.0012,-32.9573,40.46044645,-32.58172075,40.20852187,-32.4138934,3427,,19.88,0.48667,0.534,uk,,,Lawrence,2010,https://doi.org/10.1016/j.epsl.2010.10.013,https://doi.org/10.25921/phvg-5h05,
DSDP607,*,41.0012,-32.9573,40.46044645,-32.58172075,40.20852187,-32.4138934,3427,,20.07,0.497347333,0.529,uk,,,Lawrence,2010,https://doi.org/10.1016/j.epsl.2010.10.013,https://doi.org/10.25921/phvg-5h05,
DSDP607,*,41.0012,-32.9573,40.46044645,-32.58172075,40.20852187,-32.4138934,3427,,20.22,0.507384667,0.601,uk,,,Lawrence,2010,https://doi.org/10.1016/j.epsl.2010.10.013,https://doi.org/10.25921/phvg-5h05,
DSDP607,*,41.0012,-32.9573,40.46044645,-32.58172075,40.20852187,-32.4138934,3427,,20.52,0.527775,0.582,uk,,,Lawrence,2010,https://doi.org/10.1016/j.epsl.2010.10.013,https://doi.org/10.25921/phvg-5h05,
DSDP607,*,41.0012,-32.9573,40.46044645,-32.58172075,40.20852187,-32.4138934,3427,,20.67,0.536421818,0.483,uk,,,Lawrence,2010,https://doi.org/10.1016/j.epsl.2010.10.013,https://doi.org/10.25921/phvg-5h05,
DSDP607,*,41.0012,-32.9573,40.46044645,-32.58172075,40.20852187,-32.4138934,3427,,20.795,0.54222125,0.487,uk,,,Lawrence,2010,https://doi.org/10.1016/j.epsl.2010.10.013,https://doi.org/10.25921/phvg-5h05,
DSDP607,*,41.0012,-32.9573,40.46044645,-32.58172075,40.20852187,-32.4138934,3427,,20.97,0.548932,0.573,uk,,,Lawrence,2010,https://doi.org/10.1016/j.epsl.2010.10.013,https://doi.org/10.25921/phvg-5h05,
DSDP607,*,41.0012,-32.9573,40.46044645,-32.58172075,40.20852187,-32.4138934,3427,,21.14,0.555905,0.523,uk,,,Lawrence,2010,https://doi.org/10.1016/j.epsl.2010.10.013,https://doi.org/10.25921/phvg-5h05,
DSDP607,*,41.0012,-32.9573,40.46044645,-32.58172075,40.20852187,-32.4138934,3427,,21.28,0.562456,0.549,uk,,,Lawrence,2010,https://doi.org/10.1016/j.epsl.2010.10.013,https://doi.org/10.25921/phvg-5h05,
DSDP607,*,41.0012,-32.9573,40.46044645,-32.58172075,40.20852187,-32.4138934,3427,,21.41,0.57088,0.481,uk,,,Lawrence,2010,https://doi.org/10.1016/j.epsl.2010.10.013,https://doi.org/10.25921/phvg-5h05,
DSDP607,*,41.0012,-32.9573,40.46044645,-32.58172075,40.20852187,-32.4138934,3427,,21.56,0.578696,0.575,uk,,,Lawrence,2010,https://doi.org/10.1016/j.epsl.2010.10.013,https://doi.org/10.25921/phvg-5h05,
DSDP607,*,41.0012,-32.9573,40.46044645,-32.58172075,40.20852187,-32.4138934,3427,,21.71,0.584516,0.6275,uk,,,Lawrence,2010,https://doi.org/10.1016/j.epsl.2010.10.013,https://doi.org/10.25921/phvg-5h05,
DSDP607,*,41.0012,-32.9573,40.46044645,-32.58172075,40.20852187,-32.4138934,3427,,21.84,0.588842258,0.5805,uk,,,Lawrence,2010,https://doi.org/10.1016/j.epsl.2010.10.013,https://doi.org/10.25921/phvg-5h05,
DSDP607,*,41.0012,-32.9573,40.46044645,-32.58172075,40.20852187,-32.4138934,3427,,21.87,0.589811936,0.5965,uk,,,Lawrence,2010,https://doi.org/10.1016/j.epsl.2010.10.013,https://doi.org/10.25921/phvg-5h05,
DSDP607,*,41.0012,-32.9573,40.46044645,-32.58172075,40.20852187,-32.4138934,3427,,22.14,0.598392222,0.616,uk,,,Lawrence,2010,https://doi.org/10.1016/j.epsl.2010.10.013,https://doi.org/10.25921/phvg-5h05,
DSDP607,*,41.0012,-32.9573,40.46044645,-32.58172075,40.20852187,-32.4138934,3427,,22.16,0.598956667,0.617,uk,,,Lawrence,2010,https://doi.org/10.1016/j.epsl.2010.10.013,https://doi.org/10.25921/phvg-5h05,
DSDP607,*,41.0012,-32.9573,40.46044645,-32.58172075,40.20852187,-32.4138934,3427,,22.29,0.6019625,0.661,uk,,,Lawrence,2010,https://doi.org/10.1016/j.epsl.2010.10.013,https://doi.org/10.25921/phvg-5h05,
DSDP607,*,41.0012,-32.9573,40.46044645,-32.58172075,40.20852187,-32.4138934,3427,,22.31,0.6023375,0.607,uk,,,Lawrence,2010,https://doi.org/10.1016/j.epsl.2010.10.013,https://doi.org/10.25921/phvg-5h05,
DSDP607,*,41.0012,-32.9573,40.46044645,-32.58172075,40.20852187,-32.4138934,3427,,22.44,0.604252381,0.679,uk,,,Lawrence,2010,https://doi.org/10.1016/j.epsl.2010.10.013,https://doi.org/10.25921/phvg-5h05,
DSDP607,*,41.0012,-32.9573,40.46044645,-32.58172075,40.20852187,-32.4138934,3427,,22.58,0.60605125,0.634,uk,,,Lawrence,2010,https://doi.org/10.1016/j.epsl.2010.10.013,https://doi.org/10.25921/phvg-5h05,
DSDP607,*,41.0012,-32.9573,40.46044645,-32.58172075,40.20852187,-32.4138934,3427,,22.73,0.60751375,0.645,uk,,,Lawrence,2010,https://doi.org/10.1016/j.epsl.2010.10.013,https://doi.org/10.25921/phvg-5h05,
DSDP607,*,41.0012,-32.9573,40.46044645,-32.58172075,40.20852187,-32.4138934,3427,,23.03,0.610010435,0.674,uk,,,Lawrence,2010,https://doi.org/10.1016/j.epsl.2010.10.013,https://doi.org/10.25921/phvg-5h05,
DSDP607,*,41.0012,-32.9573,40.46044645,-32.58172075,40.20852187,-32.4138934,3427,,23.19,0.611346087,0.668,uk,,,Lawrence,2010,https://doi.org/10.1016/j.epsl.2010.10.013,https://doi.org/10.25921/phvg-5h05,
DSDP607,*,41.0012,-32.9573,40.46044645,-32.58172075,40.20852187,-32.4138934,3427,,23.34,0.612596667,0.659,uk,,,Lawrence,2010,https://doi.org/10.1016/j.epsl.2010.10.013,https://doi.org/10.25921/phvg-5h05,
DSDP607,*,41.0012,-32.9573,40.46044645,-32.58172075,40.20852187,-32.4138934,3427,,23.49,0.613846667,0.626,uk,,,Lawrence,2010,https://doi.org/10.1016/j.epsl.2010.10.013,https://doi.org/10.25921/phvg-5h05,
DSDP607,*,41.0012,-32.9573,40.46044645,-32.58172075,40.20852187,-32.4138934,3427,,23.64,0.615096667,0.625,uk,,,Lawrence,2010,https://doi.org/10.1016/j.epsl.2010.10.013,https://doi.org/10.25921/phvg-5h05,
DSDP607,*,41.0012,-32.9573,40.46044645,-32.58172075,40.20852187,-32.4138934,3427,,23.8,0.61643,0.622,uk,,,Lawrence,2010,https://doi.org/10.1016/j.epsl.2010.10.013,https://doi.org/10.25921/phvg-5h05,
DSDP607,*,41.0012,-32.9573,40.46044645,-32.58172075,40.20852187,-32.4138934,3427,,23.92,0.617428636,0.609,uk,,,Lawrence,2010,https://doi.org/10.1016/j.epsl.2010.10.013,https://doi.org/10.25921/phvg-5h05,
DSDP607,*,41.0012,-32.9573,40.46044645,-32.58172075,40.20852187,-32.4138934,3427,,24.1,0.6189225,0.597,uk,,,Lawrence,2010,https://doi.org/10.1016/j.epsl.2010.10.013,https://doi.org/10.25921/phvg-5h05,
DSDP607,*,41.0012,-32.9573,40.46044645,-32.58172075,40.20852187,-32.4138934,3427,,24.23,0.620122941,0.6015,uk,,,Lawrence,2010,https://doi.org/10.1016/j.epsl.2010.10.013,https://doi.org/10.25921/phvg-5h05,
DSDP607,*,41.0012,-32.9573,40.46044645,-32.58172075,40.20852187,-32.4138934,3427,,24.69,0.625361556,0.513,uk,,,Lawrence,2010,https://doi.org/10.1016/j.epsl.2010.10.013,https://doi.org/10.25921/phvg-5h05,
DSDP607,*,41.0012,-32.9573,40.46044645,-32.58172075,40.20852187,-32.4138934,3427,,24.83,0.627047778,0.563,uk,,,Lawrence,2010,https://doi.org/10.1016/j.epsl.2010.10.013,https://doi.org/10.25921/phvg-5h05,
DSDP607,*,41.0012,-32.9573,40.46044645,-32.58172075,40.20852187,-32.4138934,3427,,24.98,0.62907,0.581,uk,,,Lawrence,2010,https://doi.org/10.1016/j.epsl.2010.10.013,https://doi.org/10.25921/phvg-5h05,
DSDP607,*,41.0012,-32.9573,40.46044645,-32.58172075,40.20852187,-32.4138934,3427,,25.14,0.631342,0.552,uk,,,Lawrence,2010,https://doi.org/10.1016/j.epsl.2010.10.013,https://doi.org/10.25921/phvg-5h05,
DSDP607,*,41.0012,-32.9573,40.46044645,-32.58172075,40.20852187,-32.4138934,3427,,25.29,0.633472,0.569,uk,,,Lawrence,2010,https://doi.org/10.1016/j.epsl.2010.10.013,https://doi.org/10.25921/phvg-5h05,
DSDP607,*,41.0012,-32.9573,40.46044645,-32.58172075,40.20852187,-32.4138934,3427,,25.59,0.63789,0.539,uk,,,Lawrence,2010,https://doi.org/10.1016/j.epsl.2010.10.013,https://doi.org/10.25921/phvg-5h05,
DSDP607,*,41.0012,-32.9573,40.46044645,-32.58172075,40.20852187,-32.4138934,3427,,25.73,0.640316471,0.572,uk,,,Lawrence,2010,https://doi.org/10.1016/j.epsl.2010.10.013,https://doi.org/10.25921/phvg-5h05,
DSDP607,*,41.0012,-32.9573,40.46044645,-32.58172075,40.20852187,-32.4138934,3427,,25.74,0.640494118,0.558,uk,,,Lawrence,2010,https://doi.org/10.1016/j.epsl.2010.10.013,https://doi.org/10.25921/phvg-5h05,
DSDP607,*,41.0012,-32.9573,40.46044645,-32.58172075,40.20852187,-32.4138934,3427,,25.91,0.643594247,0.529,uk,,,Lawrence,2010,https://doi.org/10.1016/j.epsl.2010.10.013,https://doi.org/10.25921/phvg-5h05,
DSDP607,*,41.0012,-32.9573,40.46044645,-32.58172075,40.20852187,-32.4138934,3427,,26.03,0.645813425,0.518,uk,,,Lawrence,2010,https://doi.org/10.1016/j.epsl.2010.10.013,https://doi.org/10.25921/phvg-5h05,
DSDP607,*,41.0012,-32.9573,40.46044645,-32.58172075,40.20852187,-32.4138934,3427,,26.2,0.64895726,0.537,uk,,,Lawrence,2010,https://doi.org/10.1016/j.epsl.2010.10.013,https://doi.org/10.25921/phvg-5h05,
DSDP607,*,41.0012,-32.9573,40.46044645,-32.58172075,40.20852187,-32.4138934,3427,,26.34,0.651546301,0.542,uk,,,Lawrence,2010,https://doi.org/10.1016/j.epsl.2010.10.013,https://doi.org/10.25921/phvg-5h05,
DSDP607,*,41.0012,-32.9573,40.46044645,-32.58172075,40.20852187,-32.4138934,3427,,26.64,0.657678,0.56,uk,,,Lawrence,2010,https://doi.org/10.1016/j.epsl.2010.10.013,https://doi.org/10.25921/phvg-5h05,
DSDP607,*,41.0012,-32.9573,40.46044645,-32.58172075,40.20852187,-32.4138934,3427,,26.81,0.661732667,0.515,uk,,,Lawrence,2010,https://doi.org/10.1016/j.epsl.2010.10.013,https://doi.org/10.25921/phvg-5h05,
DSDP607,*,41.0012,-32.9573,40.46044645,-32.58172075,40.20852187,-32.4138934,3427,,26.95,0.665662727,0.502,uk,,,Lawrence,2010,https://doi.org/10.1016/j.epsl.2010.10.013,https://doi.org/10.25921/phvg-5h05,
DSDP607,*,41.0012,-32.9573,40.46044645,-32.58172075,40.20852187,-32.4138934,3427,,27.11,0.670325,0.525,uk,,,Lawrence,2010,https://doi.org/10.1016/j.epsl.2010.10.013,https://doi.org/10.25921/phvg-5h05,
DSDP607,*,41.0012,-32.9573,40.46044645,-32.58172075,40.20852187,-32.4138934,3427,,27.25,0.674464,0.476,uk,,,Lawrence,2010,https://doi.org/10.1016/j.epsl.2010.10.013,https://doi.org/10.25921/phvg-5h05,
DSDP607,*,41.0012,-32.9573,40.46044645,-32.58172075,40.20852187,-32.4138934,3427,,27.54,0.682178,0.581,uk,,,Lawrence,2010,https://doi.org/10.1016/j.epsl.2010.10.013,https://doi.org/10.25921/phvg-5h05,
DSDP607,*,41.0012,-32.9573,40.46044645,-32.58172075,40.20852187,-32.4138934,3427,,27.69,0.685279333,0.53,uk,,,Lawrence,2010,https://doi.org/10.1016/j.epsl.2010.10.013,https://doi.org/10.25921/phvg-5h05,
DSDP607,*,41.0012,-32.9573,40.46044645,-32.58172075,40.20852187,-32.4138934,3427,,27.84,0.688319333,0.601,uk,,,Lawrence,2010,https://doi.org/10.1016/j.epsl.2010.10.013,https://doi.org/10.25921/phvg-5h05,
DSDP607,*,41.0012,-32.9573,40.46044645,-32.58172075,40.20852187,-32.4138934,3427,,27.99,0.691359333,0.627,uk,,,Lawrence,2010,https://doi.org/10.1016/j.epsl.2010.10.013,https://doi.org/10.25921/phvg-5h05,
DSDP607,*,41.0012,-32.9573,40.46044645,-32.58172075,40.20852187,-32.4138934,3427,,28.14,0.694399333,0.638,uk,,,Lawrence,2010,https://doi.org/10.1016/j.epsl.2010.10.013,https://doi.org/10.25921/phvg-5h05,
DSDP607,*,41.0012,-32.9573,40.46044645,-32.58172075,40.20852187,-32.4138934,3427,,28.29,0.697600667,0.638,uk,,,Lawrence,2010,https://doi.org/10.1016/j.epsl.2010.10.013,https://doi.org/10.25921/phvg-5h05,
DSDP607,*,41.0012,-32.9573,40.46044645,-32.58172075,40.20852187,-32.4138934,3427,,28.41,0.700073636,0.637,uk,,,Lawrence,2010,https://doi.org/10.1016/j.epsl.2010.10.013,https://doi.org/10.25921/phvg-5h05,
DSDP607,*,41.0012,-32.9573,40.46044645,-32.58172075,40.20852187,-32.4138934,3427,,28.58,0.7036225,0.6205,uk,,,Lawrence,2010,https://doi.org/10.1016/j.epsl.2010.10.013,https://doi.org/10.25921/phvg-5h05,
DSDP607,*,41.0012,-32.9573,40.46044645,-32.58172075,40.20852187,-32.4138934,3427,,28.73,0.707336471,0.607,uk,,,Lawrence,2010,https://doi.org/10.1016/j.epsl.2010.10.013,https://doi.org/10.25921/phvg-5h05,
DSDP607,*,41.0012,-32.9573,40.46044645,-32.58172075,40.20852187,-32.4138934,3427,,28.88,0.711057692,0.475,uk,,,Lawrence,2010,https://doi.org/10.1016/j.epsl.2010.10.013,https://doi.org/10.25921/phvg-5h05,
DSDP607,*,41.0012,-32.9573,40.46044645,-32.58172075,40.20852187,-32.4138934,3427,,29.04,0.715013333,0.453,uk,,,Lawrence,2010,https://doi.org/10.1016/j.epsl.2010.10.013,https://doi.org/10.25921/phvg-5h05,
DSDP607,*,41.0012,-32.9573,40.46044645,-32.58172075,40.20852187,-32.4138934,3427,,29.2,0.71864,0.565,uk,,,Lawrence,2010,https://doi.org/10.1016/j.epsl.2010.10.013,https://doi.org/10.25921/phvg-5h05,
DSDP607,*,41.0012,-32.9573,40.46044645,-32.58172075,40.20852187,-32.4138934,3427,,29.35,0.721652,0.563,uk,,,Lawrence,2010,https://doi.org/10.1016/j.epsl.2010.10.013,https://doi.org/10.25921/phvg-5h05,
DSDP607,*,41.0012,-32.9573,40.46044645,-32.58172075,40.20852187,-32.4138934,3427,,29.49,0.724476667,0.565,uk,,,Lawrence,2010,https://doi.org/10.1016/j.epsl.2010.10.013,https://doi.org/10.25921/phvg-5h05,
DSDP607,*,41.0012,-32.9573,40.46044645,-32.58172075,40.20852187,-32.4138934,3427,,29.65,0.727922,0.578,uk,,,Lawrence,2010,https://doi.org/10.1016/j.epsl.2010.10.013,https://doi.org/10.25921/phvg-5h05,
DSDP607,*,41.0012,-32.9573,40.46044645,-32.58172075,40.20852187,-32.4138934,3427,,29.8,0.731212,0.598,uk,,,Lawrence,2010,https://doi.org/10.1016/j.epsl.2010.10.013,https://doi.org/10.25921/phvg-5h05,
DSDP607,*,41.0012,-32.9573,40.46044645,-32.58172075,40.20852187,-32.4138934,3427,,29.94,0.734285,0.621,uk,,,Lawrence,2010,https://doi.org/10.1016/j.epsl.2010.10.013,https://doi.org/10.25921/phvg-5h05,
DSDP607,*,41.0012,-32.9573,40.46044645,-32.58172075,40.20852187,-32.4138934,3427,,30.09,0.73758,0.61,uk,,,Lawrence,2010,https://doi.org/10.1016/j.epsl.2010.10.013,https://doi.org/10.25921/phvg-5h05,
DSDP607,*,41.0012,-32.9573,40.46044645,-32.58172075,40.20852187,-32.4138934,3427,,30.25,0.741071765,0.618,uk,,,Lawrence,2010,https://doi.org/10.1016/j.epsl.2010.10.013,https://doi.org/10.25921/phvg-5h05,
DSDP607,*,41.0012,-32.9573,40.46044645,-32.58172075,40.20852187,-32.4138934,3427,,30.56,0.746831333,0.498,uk,,,Lawrence,2010,https://doi.org/10.1016/j.epsl.2010.10.013,https://doi.org/10.25921/phvg-5h05,
DSDP607,*,41.0012,-32.9573,40.46044645,-32.58172075,40.20852187,-32.4138934,3427,,30.62,0.747979333,0.489,uk,,,Lawrence,2010,https://doi.org/10.1016/j.epsl.2010.10.013,https://doi.org/10.25921/phvg-5h05,
DSDP607,*,41.0012,-32.9573,40.46044645,-32.58172075,40.20852187,-32.4138934,3427,,30.85,0.753438,0.56,uk,,,Lawrence,2010,https://doi.org/10.1016/j.epsl.2010.10.013,https://doi.org/10.25921/phvg-5h05,
DSDP607,*,41.0012,-32.9573,40.46044645,-32.58172075,40.20852187,-32.4138934,3427,,30.99,0.757354667,0.544,uk,,,Lawrence,2010,https://doi.org/10.1016/j.epsl.2010.10.013,https://doi.org/10.25921/phvg-5h05,
DSDP607,*,41.0012,-32.9573,40.46044645,-32.58172075,40.20852187,-32.4138934,3427,,31.14,0.762234667,0.5415,uk,,,Lawrence,2010,https://doi.org/10.1016/j.epsl.2010.10.013,https://doi.org/10.25921/phvg-5h05,
DSDP607,A,41.0012,-32.9573,40.46044645,-32.58172075,40.20852187,-32.4138934,3427,,31.54,0.774014706,0.568,uk,,,Lawrence,2010,https://doi.org/10.1016/j.epsl.2010.10.013,https://doi.org/10.25921/phvg-5h05,
DSDP607,A,41.0012,-32.9573,40.46044645,-32.58172075,40.20852187,-32.4138934,3427,,31.88,0.783224706,0.615,uk,,,Lawrence,2010,https://doi.org/10.1016/j.epsl.2010.10.013,https://doi.org/10.25921/phvg-5h05,
DSDP607,A,41.0012,-32.9573,40.46044645,-32.58172075,40.20852187,-32.4138934,3427,,32.01,0.786746177,0.653,uk,,,Lawrence,2010,https://doi.org/10.1016/j.epsl.2010.10.013,https://doi.org/10.25921/phvg-5h05,
DSDP607,A,41.0012,-32.9573,40.46044645,-32.58172075,40.20852187,-32.4138934,3427,,32.08,0.788642353,0.585,uk,,,Lawrence,2010,https://doi.org/10.1016/j.epsl.2010.10.013,https://doi.org/10.25921/phvg-5h05,
DSDP607,A,41.0012,-32.9573,40.46044645,-32.58172075,40.20852187,-32.4138934,3427,,32.26,0.793518235,0.502,uk,,,Lawrence,2010,https://doi.org/10.1016/j.epsl.2010.10.013,https://doi.org/10.25921/phvg-5h05,
DSDP607,*,41.0012,-32.9573,40.46044645,-32.58172075,40.20852187,-32.4138934,3427,,32.58,0.802186471,0.462,uk,,,Lawrence,2010,https://doi.org/10.1016/j.epsl.2010.10.013,https://doi.org/10.25921/phvg-5h05,
DSDP607,*,41.0012,-32.9573,40.46044645,-32.58172075,40.20852187,-32.4138934,3427,,32.75,0.805661111,0.47,uk,,,Lawrence,2010,https://doi.org/10.1016/j.epsl.2010.10.013,https://doi.org/10.25921/phvg-5h05,
DSDP607,*,41.0012,-32.9573,40.46044645,-32.58172075,40.20852187,-32.4138934,3427,,33.03,0.812055,0.527,uk,,,Lawrence,2010,https://doi.org/10.1016/j.epsl.2010.10.013,https://doi.org/10.25921/phvg-5h05,
DSDP607,*,41.0012,-32.9573,40.46044645,-32.58172075,40.20852187,-32.4138934,3427,,33.35,0.822192667,0.605,uk,,,Lawrence,2010,https://doi.org/10.1016/j.epsl.2010.10.013,https://doi.org/10.25921/phvg-5h05,
DSDP607,*,41.0012,-32.9573,40.46044645,-32.58172075,40.20852187,-32.4138934,3427,,33.48,0.826817692,0.566,uk,,,Lawrence,2010,https://doi.org/10.1016/j.epsl.2010.10.013,https://doi.org/10.25921/phvg-5h05,
DSDP607,*,41.0012,-32.9573,40.46044645,-32.58172075,40.20852187,-32.4138934,3427,,33.62,0.832200769,0.627,uk,,,Lawrence,2010,https://doi.org/10.1016/j.epsl.2010.10.013,https://doi.org/10.25921/phvg-5h05,
DSDP607,*,41.0012,-32.9573,40.46044645,-32.58172075,40.20852187,-32.4138934,3427,,33.75,0.837732941,0.574,uk,,,Lawrence,2010,https://doi.org/10.1016/j.epsl.2010.10.013,https://doi.org/10.25921/phvg-5h05,
DSDP607,*,41.0012,-32.9573,40.46044645,-32.58172075,40.20852187,-32.4138934,3427,,33.94,0.845588,0.602,uk,,,Lawrence,2010,https://doi.org/10.1016/j.epsl.2010.10.013,https://doi.org/10.25921/phvg-5h05,
DSDP607,*,41.0012,-32.9573,40.46044645,-32.58172075,40.20852187,-32.4138934,3427,,34.025,0.848784667,0.605,uk,,,Lawrence,2010,https://doi.org/10.1016/j.epsl.2010.10.013,https://doi.org/10.25921/phvg-5h05,
DSDP607,*,41.0012,-32.9573,40.46044645,-32.58172075,40.20852187,-32.4138934,3427,,34.08,0.850779333,0.6245,uk,,,Lawrence,2010,https://doi.org/10.1016/j.epsl.2010.10.013,https://doi.org/10.25921/phvg-5h05,
DSDP607,*,41.0012,-32.9573,40.46044645,-32.58172075,40.20852187,-32.4138934,3427,,34.23,0.856058,0.5955,uk,,,Lawrence,2010,https://doi.org/10.1016/j.epsl.2010.10.013,https://doi.org/10.25921/phvg-5h05,
DSDP607,*,41.0012,-32.9573,40.46044645,-32.58172075,40.20852187,-32.4138934,3427,,34.48,0.864112727,0.584,uk,,,Lawrence,2010,https://doi.org/10.1016/j.epsl.2010.10.013,https://doi.org/10.25921/phvg-5h05,
DSDP607,*,41.0012,-32.9573,40.46044645,-32.58172075,40.20852187,-32.4138934,3427,,34.55,0.865855,0.526,uk,,,Lawrence,2010,https://doi.org/10.1016/j.epsl.2010.10.013,https://doi.org/10.25921/phvg-5h05,
DSDP607,*,41.0012,-32.9573,40.46044645,-32.58172075,40.20852187,-32.4138934,3427,,34.65,0.868127647,0.4725,uk,,,Lawrence,2010,https://doi.org/10.1016/j.epsl.2010.10.013,https://doi.org/10.25921/phvg-5h05,
DSDP607,*,41.0012,-32.9573,40.46044645,-32.58172075,40.20852187,-32.4138934,3427,,34.82,0.872094615,0.481,uk,,,Lawrence,2010,https://doi.org/10.1016/j.epsl.2010.10.013,https://doi.org/10.25921/phvg-5h05,
DSDP607,*,41.0012,-32.9573,40.46044645,-32.58172075,40.20852187,-32.4138934,3427,,35.14,0.880348,0.496,uk,,,Lawrence,2010,https://doi.org/10.1016/j.epsl.2010.10.013,https://doi.org/10.25921/phvg-5h05,
DSDP607,*,41.0012,-32.9573,40.46044645,-32.58172075,40.20852187,-32.4138934,3427,,35.45,0.888531333,0.409,uk,,,Lawrence,2010,https://doi.org/10.1016/j.epsl.2010.10.013,https://doi.org/10.25921/phvg-5h05,
DSDP607,*,41.0012,-32.9573,40.46044645,-32.58172075,40.20852187,-32.4138934,3427,,35.58,0.891975,0.422,uk,,,Lawrence,2010,https://doi.org/10.1016/j.epsl.2010.10.013,https://doi.org/10.25921/phvg-5h05,
DSDP607,*,41.0012,-32.9573,40.46044645,-32.58172075,40.20852187,-32.4138934,3427,,35.73,0.89595,0.519,uk,,,Lawrence,2010,https://doi.org/10.1016/j.epsl.2010.10.013,https://doi.org/10.25921/phvg-5h05,
DSDP607,*,41.0012,-32.9573,40.46044645,-32.58172075,40.20852187,-32.4138934,3427,,35.9,0.899540667,0.52,uk,,,Lawrence,2010,https://doi.org/10.1016/j.epsl.2010.10.013,https://doi.org/10.25921/phvg-5h05,
DSDP607,*,41.0012,-32.9573,40.46044645,-32.58172075,40.20852187,-32.4138934,3427,,36.03,0.902071333,0.5615,uk,,,Lawrence,2010,https://doi.org/10.1016/j.epsl.2010.10.013,https://doi.org/10.25921/phvg-5h05,
DSDP607,*,41.0012,-32.9573,40.46044645,-32.58172075,40.20852187,-32.4138934,3427,,36.33,0.90780625,0.581,uk,,,Lawrence,2010,https://doi.org/10.1016/j.epsl.2010.10.013,https://doi.org/10.25921/phvg-5h05,
DSDP607,*,41.0012,-32.9573,40.46044645,-32.58172075,40.20852187,-32.4138934,3427,,36.49,0.910719231,0.522,uk,,,Lawrence,2010,https://doi.org/10.1016/j.epsl.2010.10.013,https://doi.org/10.25921/phvg-5h05,
DSDP607,*,41.0012,-32.9573,40.46044645,-32.58172075,40.20852187,-32.4138934,3427,,36.63,0.913083333,0.576,uk,,,Lawrence,2010,https://doi.org/10.1016/j.epsl.2010.10.013,https://doi.org/10.25921/phvg-5h05,
DSDP607,*,41.0012,-32.9573,40.46044645,-32.58172075,40.20852187,-32.4138934,3427,,36.78,0.915781333,0.583,uk,,,Lawrence,2010,https://doi.org/10.1016/j.epsl.2010.10.013,https://doi.org/10.25921/phvg-5h05,
DSDP607,*,41.0012,-32.9573,40.46044645,-32.58172075,40.20852187,-32.4138934,3427,,36.93,0.91858,0.482,uk,,,Lawrence,2010,https://doi.org/10.1016/j.epsl.2010.10.013,https://doi.org/10.25921/phvg-5h05,
DSDP607,*,41.0012,-32.9573,40.46044645,-32.58172075,40.20852187,-32.4138934,3427,,37.25,0.924937778,0.477,uk,,,Lawrence,2010,https://doi.org/10.1016/j.epsl.2010.10.013,https://doi.org/10.25921/phvg-5h05,
DSDP607,*,41.0012,-32.9573,40.46044645,-32.58172075,40.20852187,-32.4138934,3427,,37.4,0.928241875,0.494,uk,,,Lawrence,2010,https://doi.org/10.1016/j.epsl.2010.10.013,https://doi.org/10.25921/phvg-5h05,
DSDP607,*,41.0012,-32.9573,40.46044645,-32.58172075,40.20852187,-32.4138934,3427,,37.55,0.931966,0.495,uk,,,Lawrence,2010,https://doi.org/10.1016/j.epsl.2010.10.013,https://doi.org/10.25921/phvg-5h05,
DSDP607,*,41.0012,-32.9573,40.46044645,-32.58172075,40.20852187,-32.4138934,3427,,37.7,0.935812,0.558,uk,,,Lawrence,2010,https://doi.org/10.1016/j.epsl.2010.10.013,https://doi.org/10.25921/phvg-5h05,
DSDP607,*,41.0012,-32.9573,40.46044645,-32.58172075,40.20852187,-32.4138934,3427,,37.81,0.93829,0.571,uk,,,Lawrence,2010,https://doi.org/10.1016/j.epsl.2010.10.013,https://doi.org/10.25921/phvg-5h05,
DSDP607,*,41.0012,-32.9573,40.46044645,-32.58172075,40.20852187,-32.4138934,3427,,38.02,0.94264,0.584,uk,,,Lawrence,2010,https://doi.org/10.1016/j.epsl.2010.10.013,https://doi.org/10.25921/phvg-5h05,
DSDP607,*,41.0012,-32.9573,40.46044645,-32.58172075,40.20852187,-32.4138934,3427,,38.08,0.943868,0.581,uk,,,Lawrence,2010,https://doi.org/10.1016/j.epsl.2010.10.013,https://doi.org/10.25921/phvg-5h05,
DSDP607,*,41.0012,-32.9573,40.46044645,-32.58172075,40.20852187,-32.4138934,3427,,38.14,0.945096,0.638,uk,,,Lawrence,2010,https://doi.org/10.1016/j.epsl.2010.10.013,https://doi.org/10.25921/phvg-5h05,
DSDP607,*,41.0012,-32.9573,40.46044645,-32.58172075,40.20852187,-32.4138934,3427,,38.25,0.94735,0.6695,uk,,,Lawrence,2010,https://doi.org/10.1016/j.epsl.2010.10.013,https://doi.org/10.25921/phvg-5h05,
DSDP607,*,41.0012,-32.9573,40.46044645,-32.58172075,40.20852187,-32.4138934,3427,,38.58,0.954123077,0.657,uk,,,Lawrence,2010,https://doi.org/10.1016/j.epsl.2010.10.013,https://doi.org/10.25921/phvg-5h05,
DSDP607,*,41.0012,-32.9573,40.46044645,-32.58172075,40.20852187,-32.4138934,3427,,38.9,0.96298375,0.544,uk,,,Lawrence,2010,https://doi.org/10.1016/j.epsl.2010.10.013,https://doi.org/10.25921/phvg-5h05,
DSDP607,*,41.0012,-32.9573,40.46044645,-32.58172075,40.20852187,-32.4138934,3427,,39.05,0.9666925,0.574,uk,,,Lawrence,2010,https://doi.org/10.1016/j.epsl.2010.10.013,https://doi.org/10.25921/phvg-5h05,
DSDP607,*,41.0012,-32.9573,40.46044645,-32.58172075,40.20852187,-32.4138934,3427,,39.2,0.970188235,0.637,uk,,,Lawrence,2010,https://doi.org/10.1016/j.epsl.2010.10.013,https://doi.org/10.25921/phvg-5h05,
DSDP607,*,41.0012,-32.9573,40.46044645,-32.58172075,40.20852187,-32.4138934,3427,,39.38,0.974383333,0.62,uk,,,Lawrence,2010,https://doi.org/10.1016/j.epsl.2010.10.013,https://doi.org/10.25921/phvg-5h05,
DSDP607,*,41.0012,-32.9573,40.46044645,-32.58172075,40.20852187,-32.4138934,3427,,39.53,0.977883077,0.588,uk,,,Lawrence,2010,https://doi.org/10.1016/j.epsl.2010.10.013,https://doi.org/10.25921/phvg-5h05,
DSDP607,*,41.0012,-32.9573,40.46044645,-32.58172075,40.20852187,-32.4138934,3427,,39.68,0.981378824,0.619,uk,,,Lawrence,2010,https://doi.org/10.1016/j.epsl.2010.10.013,https://doi.org/10.25921/phvg-5h05,
DSDP607,*,41.0012,-32.9573,40.46044645,-32.58172075,40.20852187,-32.4138934,3427,,39.82,0.98464,0.538,uk,,,Lawrence,2010,https://doi.org/10.1016/j.epsl.2010.10.013,https://doi.org/10.25921/phvg-5h05,
DSDP607,*,41.0012,-32.9573,40.46044645,-32.58172075,40.20852187,-32.4138934,3427,,39.94,0.987384,0.565,uk,,,Lawrence,2010,https://doi.org/10.1016/j.epsl.2010.10.013,https://doi.org/10.25921/phvg-5h05,
DSDP607,*,41.0012,-32.9573,40.46044645,-32.58172075,40.20852187,-32.4138934,3427,,40.08,0.990541333,0.603,uk,,,Lawrence,2010,https://doi.org/10.1016/j.epsl.2010.10.013,https://doi.org/10.25921/phvg-5h05,
DSDP607,*,41.0012,-32.9573,40.46044645,-32.58172075,40.20852187,-32.4138934,3427,,40.24,0.993774,0.613,uk,,,Lawrence,2010,https://doi.org/10.1016/j.epsl.2010.10.013,https://doi.org/10.25921/phvg-5h05,
DSDP607,*,41.0012,-32.9573,40.46044645,-32.58172075,40.20852187,-32.4138934,3427,,40.4,0.99677,0.6255,uk,,,Lawrence,2010,https://doi.org/10.1016/j.epsl.2010.10.013,https://doi.org/10.25921/phvg-5h05,
DSDP607,*,41.0012,-32.9573,40.46044645,-32.58172075,40.20852187,-32.4138934,3427,,40.55,0.9994775,0.648,uk,,,Lawrence,2010,https://doi.org/10.1016/j.epsl.2010.10.013,https://doi.org/10.25921/phvg-5h05,
DSDP607,*,41.0012,-32.9573,40.46044645,-32.58172075,40.20852187,-32.4138934,3427,,40.66,1.002148235,0.642,uk,,,Lawrence,2010,https://doi.org/10.1016/j.epsl.2010.10.013,https://doi.org/10.25921/phvg-5h05,
DSDP607,*,41.0012,-32.9573,40.46044645,-32.58172075,40.20852187,-32.4138934,3427,,40.86,1.007525556,0.551,uk,,,Lawrence,2010,https://doi.org/10.1016/j.epsl.2010.10.013,https://doi.org/10.25921/phvg-5h05,
DSDP607,*,41.0012,-32.9573,40.46044645,-32.58172075,40.20852187,-32.4138934,3427,,41,1.011134444,0.606,uk,,,Lawrence,2010,https://doi.org/10.1016/j.epsl.2010.10.013,https://doi.org/10.25921/phvg-5h05,
DSDP607,*,41.0012,-32.9573,40.46044645,-32.58172075,40.20852187,-32.4138934,3427,,41.15,1.014579333,0.538,uk,,,Lawrence,2010,https://doi.org/10.1016/j.epsl.2010.10.013,https://doi.org/10.25921/phvg-5h05,
DSDP607,*,41.0012,-32.9573,40.46044645,-32.58172075,40.20852187,-32.4138934,3427,,41.3,1.017673333,0.605,uk,,,Lawrence,2010,https://doi.org/10.1016/j.epsl.2010.10.013,https://doi.org/10.25921/phvg-5h05,
DSDP607,*,41.0012,-32.9573,40.46044645,-32.58172075,40.20852187,-32.4138934,3427,,41.43,1.020096667,0.582,uk,,,Lawrence,2010,https://doi.org/10.1016/j.epsl.2010.10.013,https://doi.org/10.25921/phvg-5h05,
DSDP607,A,41.0012,-32.9573,40.46044645,-32.58172075,40.20852187,-32.4138934,3427,,41.79,1.026992086,0.641,uk,,,Lawrence,2010,https://doi.org/10.1016/j.epsl.2010.10.013,https://doi.org/10.25921/phvg-5h05,
DSDP607,A,41.0012,-32.9573,40.46044645,-32.58172075,40.20852187,-32.4138934,3427,,41.9,1.029221497,0.662,uk,,,Lawrence,2010,https://doi.org/10.1016/j.epsl.2010.10.013,https://doi.org/10.25921/phvg-5h05,
DSDP607,A,41.0012,-32.9573,40.46044645,-32.58172075,40.20852187,-32.4138934,3427,,42.05,1.032261604,0.628,uk,,,Lawrence,2010,https://doi.org/10.1016/j.epsl.2010.10.013,https://doi.org/10.25921/phvg-5h05,
DSDP607,A,41.0012,-32.9573,40.46044645,-32.58172075,40.20852187,-32.4138934,3427,,42.22,1.035707059,0.579,uk,,,Lawrence,2010,https://doi.org/10.1016/j.epsl.2010.10.013,https://doi.org/10.25921/phvg-5h05,
DSDP607,A,41.0012,-32.9573,40.46044645,-32.58172075,40.20852187,-32.4138934,3427,,42.37,1.038747166,0.625,uk,,,Lawrence,2010,https://doi.org/10.1016/j.epsl.2010.10.013,https://doi.org/10.25921/phvg-5h05,
DSDP607,A,41.0012,-32.9573,40.46044645,-32.58172075,40.20852187,-32.4138934,3427,,42.52,1.041787273,0.608,uk,,,Lawrence,2010,https://doi.org/10.1016/j.epsl.2010.10.013,https://doi.org/10.25921/phvg-5h05,
DSDP607,A,41.0012,-32.9573,40.46044645,-32.58172075,40.20852187,-32.4138934,3427,,42.67,1.04482738,0.613,uk,,,Lawrence,2010,https://doi.org/10.1016/j.epsl.2010.10.013,https://doi.org/10.25921/phvg-5h05,
DSDP607,A,41.0012,-32.9573,40.46044645,-32.58172075,40.20852187,-32.4138934,3427,,42.82,1.047867487,0.6315,uk,,,Lawrence,2010,https://doi.org/10.1016/j.epsl.2010.10.013,https://doi.org/10.25921/phvg-5h05,
DSDP607,A,41.0012,-32.9573,40.46044645,-32.58172075,40.20852187,-32.4138934,3427,,42.97,1.050907594,0.545,uk,,,Lawrence,2010,https://doi.org/10.1016/j.epsl.2010.10.013,https://doi.org/10.25921/phvg-5h05,
DSDP607,*,41.0012,-32.9573,40.46044645,-32.58172075,40.20852187,-32.4138934,3427,,43.11,1.053745027,0.622,uk,,,Lawrence,2010,https://doi.org/10.1016/j.epsl.2010.10.013,https://doi.org/10.25921/phvg-5h05,
DSDP607,*,41.0012,-32.9573,40.46044645,-32.58172075,40.20852187,-32.4138934,3427,,43.23,1.056177112,0.477,uk,,,Lawrence,2010,https://doi.org/10.1016/j.epsl.2010.10.013,https://doi.org/10.25921/phvg-5h05,
DSDP607,*,41.0012,-32.9573,40.46044645,-32.58172075,40.20852187,-32.4138934,3427,,43.26,1.056785134,0.524,uk,,,Lawrence,2010,https://doi.org/10.1016/j.epsl.2010.10.013,https://doi.org/10.25921/phvg-5h05,
DSDP607,*,41.0012,-32.9573,40.46044645,-32.58172075,40.20852187,-32.4138934,3427,,43.37,1.059014545,0.491,uk,,,Lawrence,2010,https://doi.org/10.1016/j.epsl.2010.10.013,https://doi.org/10.25921/phvg-5h05,
DSDP607,*,41.0012,-32.9573,40.46044645,-32.58172075,40.20852187,-32.4138934,3427,,43.59,1.063724706,0.624,uk,,,Lawrence,2010,https://doi.org/10.1016/j.epsl.2010.10.013,https://doi.org/10.25921/phvg-5h05,
DSDP607,*,41.0012,-32.9573,40.46044645,-32.58172075,40.20852187,-32.4138934,3427,,43.69,1.066254118,0.675,uk,,,Lawrence,2010,https://doi.org/10.1016/j.epsl.2010.10.013,https://doi.org/10.25921/phvg-5h05,
DSDP607,*,41.0012,-32.9573,40.46044645,-32.58172075,40.20852187,-32.4138934,3427,,43.86,1.070704659,0.687,uk,,,Lawrence,2010,https://doi.org/10.1016/j.epsl.2010.10.013,https://doi.org/10.25921/phvg-5h05,
DSDP607,*,41.0012,-32.9573,40.46044645,-32.58172075,40.20852187,-32.4138934,3427,,44.04,1.075628068,0.67,uk,,,Lawrence,2010,https://doi.org/10.1016/j.epsl.2010.10.013,https://doi.org/10.25921/phvg-5h05,
DSDP607,*,41.0012,-32.9573,40.46044645,-32.58172075,40.20852187,-32.4138934,3427,,44.16,1.078910341,0.683,uk,,,Lawrence,2010,https://doi.org/10.1016/j.epsl.2010.10.013,https://doi.org/10.25921/phvg-5h05,
DSDP607,*,41.0012,-32.9573,40.46044645,-32.58172075,40.20852187,-32.4138934,3427,,44.29,1.082466136,0.706,uk,,,Lawrence,2010,https://doi.org/10.1016/j.epsl.2010.10.013,https://doi.org/10.25921/phvg-5h05,
DSDP607,*,41.0012,-32.9573,40.46044645,-32.58172075,40.20852187,-32.4138934,3427,,44.6,1.090945341,0.682,uk,,,Lawrence,2010,https://doi.org/10.1016/j.epsl.2010.10.013,https://doi.org/10.25921/phvg-5h05,
DSDP607,*,41.0012,-32.9573,40.46044645,-32.58172075,40.20852187,-32.4138934,3427,,44.75,1.095169565,0.661,uk,,,Lawrence,2010,https://doi.org/10.1016/j.epsl.2010.10.013,https://doi.org/10.25921/phvg-5h05,
DSDP607,*,41.0012,-32.9573,40.46044645,-32.58172075,40.20852187,-32.4138934,3427,,44.88,1.098922609,0.625,uk,,,Lawrence,2010,https://doi.org/10.1016/j.epsl.2010.10.013,https://doi.org/10.25921/phvg-5h05,
DSDP607,*,41.0012,-32.9573,40.46044645,-32.58172075,40.20852187,-32.4138934,3427,,45.09,1.104559434,0.494,uk,,,Lawrence,2010,https://doi.org/10.1016/j.epsl.2010.10.013,https://doi.org/10.25921/phvg-5h05,
DSDP607,*,41.0012,-32.9573,40.46044645,-32.58172075,40.20852187,-32.4138934,3427,,45.2,1.106780189,0.591,uk,,,Lawrence,2010,https://doi.org/10.1016/j.epsl.2010.10.013,https://doi.org/10.25921/phvg-5h05,
DSDP607,*,41.0012,-32.9573,40.46044645,-32.58172075,40.20852187,-32.4138934,3427,,45.36,1.110010377,0.636,uk,,,Lawrence,2010,https://doi.org/10.1016/j.epsl.2010.10.013,https://doi.org/10.25921/phvg-5h05,
DSDP607,*,41.0012,-32.9573,40.46044645,-32.58172075,40.20852187,-32.4138934,3427,,45.52,1.113240566,0.647,uk,,,Lawrence,2010,https://doi.org/10.1016/j.epsl.2010.10.013,https://doi.org/10.25921/phvg-5h05,
DSDP607,*,41.0012,-32.9573,40.46044645,-32.58172075,40.20852187,-32.4138934,3427,,45.65,1.116338,0.623,uk,,,Lawrence,2010,https://doi.org/10.1016/j.epsl.2010.10.013,https://doi.org/10.25921/phvg-5h05,
DSDP607,*,41.0012,-32.9573,40.46044645,-32.58172075,40.20852187,-32.4138934,3427,,45.8,1.120253,0.609,uk,,,Lawrence,2010,https://doi.org/10.1016/j.epsl.2010.10.013,https://doi.org/10.25921/phvg-5h05,
DSDP607,*,41.0012,-32.9573,40.46044645,-32.58172075,40.20852187,-32.4138934,3427,,45.95,1.124576,0.578,uk,,,Lawrence,2010,https://doi.org/10.1016/j.epsl.2010.10.013,https://doi.org/10.25921/phvg-5h05,
DSDP607,*,41.0012,-32.9573,40.46044645,-32.58172075,40.20852187,-32.4138934,3427,,46.12,1.129886,0.525,uk,,,Lawrence,2010,https://doi.org/10.1016/j.epsl.2010.10.013,https://doi.org/10.25921/phvg-5h05,
DSDP607,*,41.0012,-32.9573,40.46044645,-32.58172075,40.20852187,-32.4138934,3427,,46.27,1.134565294,0.576,uk,,,Lawrence,2010,https://doi.org/10.1016/j.epsl.2010.10.013,https://doi.org/10.25921/phvg-5h05,
DSDP607,*,41.0012,-32.9573,40.46044645,-32.58172075,40.20852187,-32.4138934,3427,,46.39,1.138306471,0.497,uk,,,Lawrence,2010,https://doi.org/10.1016/j.epsl.2010.10.013,https://doi.org/10.25921/phvg-5h05,
DSDP607,*,41.0012,-32.9573,40.46044645,-32.58172075,40.20852187,-32.4138934,3427,,46.58,1.144244348,0.561,uk,,,Lawrence,2010,https://doi.org/10.1016/j.epsl.2010.10.013,https://doi.org/10.25921/phvg-5h05,
DSDP607,*,41.0012,-32.9573,40.46044645,-32.58172075,40.20852187,-32.4138934,3427,,46.72,1.148493333,0.6,uk,,,Lawrence,2010,https://doi.org/10.1016/j.epsl.2010.10.013,https://doi.org/10.25921/phvg-5h05,
DSDP607,*,41.0012,-32.9573,40.46044645,-32.58172075,40.20852187,-32.4138934,3427,,46.75,1.149383333,0.599,uk,,,Lawrence,2010,https://doi.org/10.1016/j.epsl.2010.10.013,https://doi.org/10.25921/phvg-5h05,
DSDP607,*,41.0012,-32.9573,40.46044645,-32.58172075,40.20852187,-32.4138934,3427,,46.86,1.152556923,0.618,uk,,,Lawrence,2010,https://doi.org/10.1016/j.epsl.2010.10.013,https://doi.org/10.25921/phvg-5h05,
DSDP607,*,41.0012,-32.9573,40.46044645,-32.58172075,40.20852187,-32.4138934,3427,,47.01,1.156770526,0.677,uk,,,Lawrence,2010,https://doi.org/10.1016/j.epsl.2010.10.013,https://doi.org/10.25921/phvg-5h05,
DSDP607,*,41.0012,-32.9573,40.46044645,-32.58172075,40.20852187,-32.4138934,3427,,47.16,1.160954737,0.688,uk,,,Lawrence,2010,https://doi.org/10.1016/j.epsl.2010.10.013,https://doi.org/10.25921/phvg-5h05,
DSDP607,*,41.0012,-32.9573,40.46044645,-32.58172075,40.20852187,-32.4138934,3427,,47.33,1.165541818,0.683,uk,,,Lawrence,2010,https://doi.org/10.1016/j.epsl.2010.10.013,https://doi.org/10.25921/phvg-5h05,
DSDP607,*,41.0012,-32.9573,40.46044645,-32.58172075,40.20852187,-32.4138934,3427,,47.61,1.17163,0.701,uk,,,Lawrence,2010,https://doi.org/10.1016/j.epsl.2010.10.013,https://doi.org/10.25921/phvg-5h05,
DSDP607,*,41.0012,-32.9573,40.46044645,-32.58172075,40.20852187,-32.4138934,3427,,47.76,1.174443846,0.708,uk,,,Lawrence,2010,https://doi.org/10.1016/j.epsl.2010.10.013,https://doi.org/10.25921/phvg-5h05,
DSDP607,*,41.0012,-32.9573,40.46044645,-32.58172075,40.20852187,-32.4138934,3427,,47.9,1.176988182,0.699,uk,,,Lawrence,2010,https://doi.org/10.1016/j.epsl.2010.10.013,https://doi.org/10.25921/phvg-5h05,
DSDP607,*,41.0012,-32.9573,40.46044645,-32.58172075,40.20852187,-32.4138934,3427,,48.08,1.180265,0.688,uk,,,Lawrence,2010,https://doi.org/10.1016/j.epsl.2010.10.013,https://doi.org/10.25921/phvg-5h05,
DSDP607,*,41.0012,-32.9573,40.46044645,-32.58172075,40.20852187,-32.4138934,3427,,48.21,1.182625882,0.678,uk,,,Lawrence,2010,https://doi.org/10.1016/j.epsl.2010.10.013,https://doi.org/10.25921/phvg-5h05,
DSDP607,*,41.0012,-32.9573,40.46044645,-32.58172075,40.20852187,-32.4138934,3427,,48.36,1.185356154,0.664,uk,,,Lawrence,2010,https://doi.org/10.1016/j.epsl.2010.10.013,https://doi.org/10.25921/phvg-5h05,
DSDP607,*,41.0012,-32.9573,40.46044645,-32.58172075,40.20852187,-32.4138934,3427,,48.52,1.188590909,0.647,uk,,,Lawrence,2010,https://doi.org/10.1016/j.epsl.2010.10.013,https://doi.org/10.25921/phvg-5h05,
DSDP607,*,41.0012,-32.9573,40.46044645,-32.58172075,40.20852187,-32.4138934,3427,,48.66,1.191693846,0.57,uk,,,Lawrence,2010,https://doi.org/10.1016/j.epsl.2010.10.013,https://doi.org/10.25921/phvg-5h05,
DSDP607,*,41.0012,-32.9573,40.46044645,-32.58172075,40.20852187,-32.4138934,3427,,48.96,1.198342,0.576,uk,,,Lawrence,2010,https://doi.org/10.1016/j.epsl.2010.10.013,https://doi.org/10.25921/phvg-5h05,
DSDP607,*,41.0012,-32.9573,40.46044645,-32.58172075,40.20852187,-32.4138934,3427,,49.11,1.2016725,0.617,uk,,,Lawrence,2010,https://doi.org/10.1016/j.epsl.2010.10.013,https://doi.org/10.25921/phvg-5h05,
DSDP607,*,41.0012,-32.9573,40.46044645,-32.58172075,40.20852187,-32.4138934,3427,,49.26,1.204914,0.597,uk,,,Lawrence,2010,https://doi.org/10.1016/j.epsl.2010.10.013,https://doi.org/10.25921/phvg-5h05,
DSDP607,*,41.0012,-32.9573,40.46044645,-32.58172075,40.20852187,-32.4138934,3427,,49.4,1.207858,0.558,uk,,,Lawrence,2010,https://doi.org/10.1016/j.epsl.2010.10.013,https://doi.org/10.25921/phvg-5h05,
DSDP607,*,41.0012,-32.9573,40.46044645,-32.58172075,40.20852187,-32.4138934,3427,,49.58,1.212385,0.562,uk,,,Lawrence,2010,https://doi.org/10.1016/j.epsl.2010.10.013,https://doi.org/10.25921/phvg-5h05,
DSDP607,*,41.0012,-32.9573,40.46044645,-32.58172075,40.20852187,-32.4138934,3427,,49.71,1.216801176,0.498,uk,,,Lawrence,2010,https://doi.org/10.1016/j.epsl.2010.10.013,https://doi.org/10.25921/phvg-5h05,
DSDP607,*,41.0012,-32.9573,40.46044645,-32.58172075,40.20852187,-32.4138934,3427,,49.86,1.221936154,0.5575,uk,,,Lawrence,2010,https://doi.org/10.1016/j.epsl.2010.10.013,https://doi.org/10.25921/phvg-5h05,
DSDP607,*,41.0012,-32.9573,40.46044645,-32.58172075,40.20852187,-32.4138934,3427,,50.02,1.22717,0.631,uk,,,Lawrence,2010,https://doi.org/10.1016/j.epsl.2010.10.013,https://doi.org/10.25921/phvg-5h05,
DSDP607,*,41.0012,-32.9573,40.46044645,-32.58172075,40.20852187,-32.4138934,3427,,50.16,1.231406,0.672,uk,,,Lawrence,2010,https://doi.org/10.1016/j.epsl.2010.10.013,https://doi.org/10.25921/phvg-5h05,
DSDP607,*,41.0012,-32.9573,40.46044645,-32.58172075,40.20852187,-32.4138934,3427,,50.31,1.235606,0.68,uk,,,Lawrence,2010,https://doi.org/10.1016/j.epsl.2010.10.013,https://doi.org/10.25921/phvg-5h05,
DSDP607,*,41.0012,-32.9573,40.46044645,-32.58172075,40.20852187,-32.4138934,3427,,50.46,1.239228,0.665,uk,,,Lawrence,2010,https://doi.org/10.1016/j.epsl.2010.10.013,https://doi.org/10.25921/phvg-5h05,
DSDP607,*,41.0012,-32.9573,40.46044645,-32.58172075,40.20852187,-32.4138934,3427,,50.61,1.242369,0.65,uk,,,Lawrence,2010,https://doi.org/10.1016/j.epsl.2010.10.013,https://doi.org/10.25921/phvg-5h05,
DSDP607,*,41.0012,-32.9573,40.46044645,-32.58172075,40.20852187,-32.4138934,3427,,50.76,1.245384,0.486,uk,,,Lawrence,2010,https://doi.org/10.1016/j.epsl.2010.10.013,https://doi.org/10.25921/phvg-5h05,
DSDP607,*,41.0012,-32.9573,40.46044645,-32.58172075,40.20852187,-32.4138934,3427,,50.81,1.246389,0.411,uk,,,Lawrence,2010,https://doi.org/10.1016/j.epsl.2010.10.013,https://doi.org/10.25921/phvg-5h05,
DSDP607,*,41.0012,-32.9573,40.46044645,-32.58172075,40.20852187,-32.4138934,3427,,50.91,1.247979333,0.484,uk,,,Lawrence,2010,https://doi.org/10.1016/j.epsl.2010.10.013,https://doi.org/10.25921/phvg-5h05,
DSDP607,*,41.0012,-32.9573,40.46044645,-32.58172075,40.20852187,-32.4138934,3427,,51.09,1.25070875,0.485,uk,,,Lawrence,2010,https://doi.org/10.1016/j.epsl.2010.10.013,https://doi.org/10.25921/phvg-5h05,
DSDP607,*,41.0012,-32.9573,40.46044645,-32.58172075,40.20852187,-32.4138934,3427,,51.2,1.252242222,0.559,uk,,,Lawrence,2010,https://doi.org/10.1016/j.epsl.2010.10.013,https://doi.org/10.25921/phvg-5h05,
DSDP607,*,41.0012,-32.9573,40.46044645,-32.58172075,40.20852187,-32.4138934,3427,,51.36,1.25435,0.517,uk,,,Lawrence,2010,https://doi.org/10.1016/j.epsl.2010.10.013,https://doi.org/10.25921/phvg-5h05,
DSDP607,*,41.0012,-32.9573,40.46044645,-32.58172075,40.20852187,-32.4138934,3427,,51.5,1.25609,0.483,uk,,,Lawrence,2010,https://doi.org/10.1016/j.epsl.2010.10.013,https://doi.org/10.25921/phvg-5h05,
DSDP607,*,41.0012,-32.9573,40.46044645,-32.58172075,40.20852187,-32.4138934,3427,,51.66,1.25804,0.585,uk,,,Lawrence,2010,https://doi.org/10.1016/j.epsl.2010.10.013,https://doi.org/10.25921/phvg-5h05,
DSDP607,*,41.0012,-32.9573,40.46044645,-32.58172075,40.20852187,-32.4138934,3427,,51.81,1.259600588,0.635,uk,,,Lawrence,2010,https://doi.org/10.1016/j.epsl.2010.10.013,https://doi.org/10.25921/phvg-5h05,
DSDP607,*,41.0012,-32.9573,40.46044645,-32.58172075,40.20852187,-32.4138934,3427,,51.96,1.261132,0.653,uk,,,Lawrence,2010,https://doi.org/10.1016/j.epsl.2010.10.013,https://doi.org/10.25921/phvg-5h05,
DSDP607,A,41.0012,-32.9573,40.46044645,-32.58172075,40.20852187,-32.4138934,3427,,52.35,1.266451443,0.612,uk,,,Lawrence,2010,https://doi.org/10.1016/j.epsl.2010.10.013,https://doi.org/10.25921/phvg-5h05,
DSDP607,A,41.0012,-32.9573,40.46044645,-32.58172075,40.20852187,-32.4138934,3427,,52.5,1.268583918,0.571,uk,,,Lawrence,2010,https://doi.org/10.1016/j.epsl.2010.10.013,https://doi.org/10.25921/phvg-5h05,
DSDP607,A,41.0012,-32.9573,40.46044645,-32.58172075,40.20852187,-32.4138934,3427,,52.65,1.270716392,0.58,uk,,,Lawrence,2010,https://doi.org/10.1016/j.epsl.2010.10.013,https://doi.org/10.25921/phvg-5h05,
DSDP607,*,41.0012,-32.9573,40.46044645,-32.58172075,40.20852187,-32.4138934,3427,,52.94,1.274839175,0.588,uk,,,Lawrence,2010,https://doi.org/10.1016/j.epsl.2010.10.013,https://doi.org/10.25921/phvg-5h05,
DSDP607,*,41.0012,-32.9573,40.46044645,-32.58172075,40.20852187,-32.4138934,3427,,53.09,1.277392857,0.602,uk,,,Lawrence,2010,https://doi.org/10.1016/j.epsl.2010.10.013,https://doi.org/10.25921/phvg-5h05,
DSDP607,*,41.0012,-32.9573,40.46044645,-32.58172075,40.20852187,-32.4138934,3427,,53.24,1.280416087,0.643,uk,,,Lawrence,2010,https://doi.org/10.1016/j.epsl.2010.10.013,https://doi.org/10.25921/phvg-5h05,
DSDP607,*,41.0012,-32.9573,40.46044645,-32.58172075,40.20852187,-32.4138934,3427,,53.39,1.2839192,0.669,uk,,,Lawrence,2010,https://doi.org/10.1016/j.epsl.2010.10.013,https://doi.org/10.25921/phvg-5h05,
DSDP607,*,41.0012,-32.9573,40.46044645,-32.58172075,40.20852187,-32.4138934,3427,,53.54,1.2889652,0.664,uk,,,Lawrence,2010,https://doi.org/10.1016/j.epsl.2010.10.013,https://doi.org/10.25921/phvg-5h05,
DSDP607,*,41.0012,-32.9573,40.46044645,-32.58172075,40.20852187,-32.4138934,3427,,53.69,1.294464615,0.666,uk,,,Lawrence,2010,https://doi.org/10.1016/j.epsl.2010.10.013,https://doi.org/10.25921/phvg-5h05,
DSDP607,*,41.0012,-32.9573,40.46044645,-32.58172075,40.20852187,-32.4138934,3427,,53.84,1.30083,0.662,uk,,,Lawrence,2010,https://doi.org/10.1016/j.epsl.2010.10.013,https://doi.org/10.25921/phvg-5h05,
DSDP607,*,41.0012,-32.9573,40.46044645,-32.58172075,40.20852187,-32.4138934,3427,,53.99,1.308683571,0.658,uk,,,Lawrence,2010,https://doi.org/10.1016/j.epsl.2010.10.013,https://doi.org/10.25921/phvg-5h05,
DSDP607,*,41.0012,-32.9573,40.46044645,-32.58172075,40.20852187,-32.4138934,3427,,54.44,1.32882,0.4935,uk,,,Lawrence,2010,https://doi.org/10.1016/j.epsl.2010.10.013,https://doi.org/10.25921/phvg-5h05,
DSDP607,*,41.0012,-32.9573,40.46044645,-32.58172075,40.20852187,-32.4138934,3427,,54.59,1.33489125,0.561,uk,,,Lawrence,2010,https://doi.org/10.1016/j.epsl.2010.10.013,https://doi.org/10.25921/phvg-5h05,
DSDP607,*,41.0012,-32.9573,40.46044645,-32.58172075,40.20852187,-32.4138934,3427,,54.89,1.345349091,0.6275,uk,,,Lawrence,2010,https://doi.org/10.1016/j.epsl.2010.10.013,https://doi.org/10.25921/phvg-5h05,
DSDP607,*,41.0012,-32.9573,40.46044645,-32.58172075,40.20852187,-32.4138934,3427,,54.915,1.34594,0.64,uk,,,Lawrence,2010,https://doi.org/10.1016/j.epsl.2010.10.013,https://doi.org/10.25921/phvg-5h05,
DSDP607,*,41.0012,-32.9573,40.46044645,-32.58172075,40.20852187,-32.4138934,3427,,55.06,1.349286977,0.6705,uk,,,Lawrence,2010,https://doi.org/10.1016/j.epsl.2010.10.013,https://doi.org/10.25921/phvg-5h05,
DSDP607,*,41.0012,-32.9573,40.46044645,-32.58172075,40.20852187,-32.4138934,3427,,55.34,1.355655349,0.69,uk,,,Lawrence,2010,https://doi.org/10.1016/j.epsl.2010.10.013,https://doi.org/10.25921/phvg-5h05,
DSDP607,*,41.0012,-32.9573,40.46044645,-32.58172075,40.20852187,-32.4138934,3427,,55.49,1.358838621,0.704,uk,,,Lawrence,2010,https://doi.org/10.1016/j.epsl.2010.10.013,https://doi.org/10.25921/phvg-5h05,
DSDP607,*,41.0012,-32.9573,40.46044645,-32.58172075,40.20852187,-32.4138934,3427,,55.64,1.361869655,0.71,uk,,,Lawrence,2010,https://doi.org/10.1016/j.epsl.2010.10.013,https://doi.org/10.25921/phvg-5h05,
DSDP607,*,41.0012,-32.9573,40.46044645,-32.58172075,40.20852187,-32.4138934,3427,,55.79,1.364786667,0.671,uk,,,Lawrence,2010,https://doi.org/10.1016/j.epsl.2010.10.013,https://doi.org/10.25921/phvg-5h05,
DSDP607,*,41.0012,-32.9573,40.46044645,-32.58172075,40.20852187,-32.4138934,3427,,55.94,1.367653333,0.686,uk,,,Lawrence,2010,https://doi.org/10.1016/j.epsl.2010.10.013,https://doi.org/10.25921/phvg-5h05,
DSDP607,*,41.0012,-32.9573,40.46044645,-32.58172075,40.20852187,-32.4138934,3427,,56.09,1.370517143,0.658,uk,,,Lawrence,2010,https://doi.org/10.1016/j.epsl.2010.10.013,https://doi.org/10.25921/phvg-5h05,
DSDP607,*,41.0012,-32.9573,40.46044645,-32.58172075,40.20852187,-32.4138934,3427,,56.24,1.373379565,0.594,uk,,,Lawrence,2010,https://doi.org/10.1016/j.epsl.2010.10.013,https://doi.org/10.25921/phvg-5h05,
DSDP607,*,41.0012,-32.9573,40.46044645,-32.58172075,40.20852187,-32.4138934,3427,,56.38,1.376084545,0.5935,uk,,,Lawrence,2010,https://doi.org/10.1016/j.epsl.2010.10.013,https://doi.org/10.25921/phvg-5h05,
DSDP607,*,41.0012,-32.9573,40.46044645,-32.58172075,40.20852187,-32.4138934,3427,,56.54,1.37948,0.644,uk,,,Lawrence,2010,https://doi.org/10.1016/j.epsl.2010.10.013,https://doi.org/10.25921/phvg-5h05,
DSDP607,*,41.0012,-32.9573,40.46044645,-32.58172075,40.20852187,-32.4138934,3427,,56.69,1.383071538,0.617,uk,,,Lawrence,2010,https://doi.org/10.1016/j.epsl.2010.10.013,https://doi.org/10.25921/phvg-5h05,
DSDP607,*,41.0012,-32.9573,40.46044645,-32.58172075,40.20852187,-32.4138934,3427,,56.84,1.3870475,0.648,uk,,,Lawrence,2010,https://doi.org/10.1016/j.epsl.2010.10.013,https://doi.org/10.25921/phvg-5h05,
DSDP607,*,41.0012,-32.9573,40.46044645,-32.58172075,40.20852187,-32.4138934,3427,,56.99,1.391353571,0.664,uk,,,Lawrence,2010,https://doi.org/10.1016/j.epsl.2010.10.013,https://doi.org/10.25921/phvg-5h05,
DSDP607,*,41.0012,-32.9573,40.46044645,-32.58172075,40.20852187,-32.4138934,3427,,57.14,1.39609,0.678,uk,,,Lawrence,2010,https://doi.org/10.1016/j.epsl.2010.10.013,https://doi.org/10.25921/phvg-5h05,
DSDP607,*,41.0012,-32.9573,40.46044645,-32.58172075,40.20852187,-32.4138934,3427,,57.44,1.404756667,0.625,uk,,,Lawrence,2010,https://doi.org/10.1016/j.epsl.2010.10.013,https://doi.org/10.25921/phvg-5h05,
DSDP607,*,41.0012,-32.9573,40.46044645,-32.58172075,40.20852187,-32.4138934,3427,,57.59,1.409112558,0.652,uk,,,Lawrence,2010,https://doi.org/10.1016/j.epsl.2010.10.013,https://doi.org/10.25921/phvg-5h05,
DSDP607,*,41.0012,-32.9573,40.46044645,-32.58172075,40.20852187,-32.4138934,3427,,57.71,1.412631628,0.624,uk,,,Lawrence,2010,https://doi.org/10.1016/j.epsl.2010.10.013,https://doi.org/10.25921/phvg-5h05,
DSDP607,*,41.0012,-32.9573,40.46044645,-32.58172075,40.20852187,-32.4138934,3427,,57.85,1.416737209,0.606,uk,,,Lawrence,2010,https://doi.org/10.1016/j.epsl.2010.10.013,https://doi.org/10.25921/phvg-5h05,
DSDP607,*,41.0012,-32.9573,40.46044645,-32.58172075,40.20852187,-32.4138934,3427,,58.02,1.42163,0.58,uk,,,Lawrence,2010,https://doi.org/10.1016/j.epsl.2010.10.013,https://doi.org/10.25921/phvg-5h05,
DSDP607,*,41.0012,-32.9573,40.46044645,-32.58172075,40.20852187,-32.4138934,3427,,58.19,1.427201364,0.56,uk,,,Lawrence,2010,https://doi.org/10.1016/j.epsl.2010.10.013,https://doi.org/10.25921/phvg-5h05,
DSDP607,*,41.0012,-32.9573,40.46044645,-32.58172075,40.20852187,-32.4138934,3427,,58.34,1.43254,0.683,uk,,,Lawrence,2010,https://doi.org/10.1016/j.epsl.2010.10.013,https://doi.org/10.25921/phvg-5h05,
DSDP607,*,41.0012,-32.9573,40.46044645,-32.58172075,40.20852187,-32.4138934,3427,,58.49,1.438231429,0.708,uk,,,Lawrence,2010,https://doi.org/10.1016/j.epsl.2010.10.013,https://doi.org/10.25921/phvg-5h05,
DSDP607,*,41.0012,-32.9573,40.46044645,-32.58172075,40.20852187,-32.4138934,3427,,58.64,1.443773333,0.704,uk,,,Lawrence,2010,https://doi.org/10.1016/j.epsl.2010.10.013,https://doi.org/10.25921/phvg-5h05,
DSDP607,*,41.0012,-32.9573,40.46044645,-32.58172075,40.20852187,-32.4138934,3427,,58.73,1.446644,0.705,uk,,,Lawrence,2010,https://doi.org/10.1016/j.epsl.2010.10.013,https://doi.org/10.25921/phvg-5h05,
DSDP607,*,41.0012,-32.9573,40.46044645,-32.58172075,40.20852187,-32.4138934,3427,,58.79,1.44824,0.712,uk,,,Lawrence,2010,https://doi.org/10.1016/j.epsl.2010.10.013,https://doi.org/10.25921/phvg-5h05,
DSDP607,*,41.0012,-32.9573,40.46044645,-32.58172075,40.20852187,-32.4138934,3427,,58.94,1.45223,0.691,uk,,,Lawrence,2010,https://doi.org/10.1016/j.epsl.2010.10.013,https://doi.org/10.25921/phvg-5h05,
DSDP607,*,41.0012,-32.9573,40.46044645,-32.58172075,40.20852187,-32.4138934,3427,,59.09,1.455317143,0.503,uk,,,Lawrence,2010,https://doi.org/10.1016/j.epsl.2010.10.013,https://doi.org/10.25921/phvg-5h05,
DSDP607,*,41.0012,-32.9573,40.46044645,-32.58172075,40.20852187,-32.4138934,3427,,59.26,1.45851125,0.504,uk,,,Lawrence,2010,https://doi.org/10.1016/j.epsl.2010.10.013,https://doi.org/10.25921/phvg-5h05,
DSDP607,*,41.0012,-32.9573,40.46044645,-32.58172075,40.20852187,-32.4138934,3427,,59.41,1.4613925,0.573,uk,,,Lawrence,2010,https://doi.org/10.1016/j.epsl.2010.10.013,https://doi.org/10.25921/phvg-5h05,
DSDP607,*,41.0012,-32.9573,40.46044645,-32.58172075,40.20852187,-32.4138934,3427,,59.54,1.463887647,0.615,uk,,,Lawrence,2010,https://doi.org/10.1016/j.epsl.2010.10.013,https://doi.org/10.25921/phvg-5h05,
DSDP607,*,41.0012,-32.9573,40.46044645,-32.58172075,40.20852187,-32.4138934,3427,,59.84,1.469718966,0.639,uk,,,Lawrence,2010,https://doi.org/10.1016/j.epsl.2010.10.013,https://doi.org/10.25921/phvg-5h05,
DSDP607,*,41.0012,-32.9573,40.46044645,-32.58172075,40.20852187,-32.4138934,3427,,59.99,1.47278,0.657,uk,,,Lawrence,2010,https://doi.org/10.1016/j.epsl.2010.10.013,https://doi.org/10.25921/phvg-5h05,
DSDP607,*,41.0012,-32.9573,40.46044645,-32.58172075,40.20852187,-32.4138934,3427,,60.14,1.47593,0.686,uk,,,Lawrence,2010,https://doi.org/10.1016/j.epsl.2010.10.013,https://doi.org/10.25921/phvg-5h05,
DSDP607,*,41.0012,-32.9573,40.46044645,-32.58172075,40.20852187,-32.4138934,3427,,60.29,1.479603333,0.673,uk,,,Lawrence,2010,https://doi.org/10.1016/j.epsl.2010.10.013,https://doi.org/10.25921/phvg-5h05,
DSDP607,*,41.0012,-32.9573,40.46044645,-32.58172075,40.20852187,-32.4138934,3427,,60.44,1.483538333,0.696,uk,,,Lawrence,2010,https://doi.org/10.1016/j.epsl.2010.10.013,https://doi.org/10.25921/phvg-5h05,
DSDP607,*,41.0012,-32.9573,40.46044645,-32.58172075,40.20852187,-32.4138934,3427,,60.59,1.48760625,0.707,uk,,,Lawrence,2010,https://doi.org/10.1016/j.epsl.2010.10.013,https://doi.org/10.25921/phvg-5h05,
DSDP607,*,41.0012,-32.9573,40.46044645,-32.58172075,40.20852187,-32.4138934,3427,,60.76,1.492455238,0.569,uk,,,Lawrence,2010,https://doi.org/10.1016/j.epsl.2010.10.013,https://doi.org/10.25921/phvg-5h05,
DSDP607,*,41.0012,-32.9573,40.46044645,-32.58172075,40.20852187,-32.4138934,3427,,60.87,1.49558875,0.582,uk,,,Lawrence,2010,https://doi.org/10.1016/j.epsl.2010.10.013,https://doi.org/10.25921/phvg-5h05,
DSDP607,*,41.0012,-32.9573,40.46044645,-32.58172075,40.20852187,-32.4138934,3427,,61.02,1.498874706,0.628,uk,,,Lawrence,2010,https://doi.org/10.1016/j.epsl.2010.10.013,https://doi.org/10.25921/phvg-5h05,
DSDP607,*,41.0012,-32.9573,40.46044645,-32.58172075,40.20852187,-32.4138934,3427,,61.19,1.50245,0.618,uk,,,Lawrence,2010,https://doi.org/10.1016/j.epsl.2010.10.013,https://doi.org/10.25921/phvg-5h05,
DSDP607,*,41.0012,-32.9573,40.46044645,-32.58172075,40.20852187,-32.4138934,3427,,61.34,1.50560625,0.597,uk,,,Lawrence,2010,https://doi.org/10.1016/j.epsl.2010.10.013,https://doi.org/10.25921/phvg-5h05,
DSDP607,*,41.0012,-32.9573,40.46044645,-32.58172075,40.20852187,-32.4138934,3427,,61.54,1.51004,0.621,uk,,,Lawrence,2010,https://doi.org/10.1016/j.epsl.2010.10.013,https://doi.org/10.25921/phvg-5h05,
DSDP607,*,41.0012,-32.9573,40.46044645,-32.58172075,40.20852187,-32.4138934,3427,,61.64,1.512793333,0.665,uk,,,Lawrence,2010,https://doi.org/10.1016/j.epsl.2010.10.013,https://doi.org/10.25921/phvg-5h05,
DSDP607,*,41.0012,-32.9573,40.46044645,-32.58172075,40.20852187,-32.4138934,3427,,61.79,1.517263333,0.693,uk,,,Lawrence,2010,https://doi.org/10.1016/j.epsl.2010.10.013,https://doi.org/10.25921/phvg-5h05,
DSDP607,*,41.0012,-32.9573,40.46044645,-32.58172075,40.20852187,-32.4138934,3427,,61.94,1.521903333,0.703,uk,,,Lawrence,2010,https://doi.org/10.1016/j.epsl.2010.10.013,https://doi.org/10.25921/phvg-5h05,
DSDP607,*,41.0012,-32.9573,40.46044645,-32.58172075,40.20852187,-32.4138934,3427,,62.05,1.52531,0.687,uk,,,Lawrence,2010,https://doi.org/10.1016/j.epsl.2010.10.013,https://doi.org/10.25921/phvg-5h05,
DSDP607,*,41.0012,-32.9573,40.46044645,-32.58172075,40.20852187,-32.4138934,3427,,62.57,1.536684063,0.567,uk,,,Lawrence,2010,https://doi.org/10.1016/j.epsl.2010.10.013,https://doi.org/10.25921/phvg-5h05,
DSDP607,*,41.0012,-32.9573,40.46044645,-32.58172075,40.20852187,-32.4138934,3427,,63.09,1.5465504,0.59,uk,,,Lawrence,2010,https://doi.org/10.1016/j.epsl.2010.10.013,https://doi.org/10.25921/phvg-5h05,
DSDP607,*,41.0012,-32.9573,40.46044645,-32.58172075,40.20852187,-32.4138934,3427,,63.19,1.5484425,0.619,uk,,,Lawrence,2010,https://doi.org/10.1016/j.epsl.2010.10.013,https://doi.org/10.25921/phvg-5h05,
DSDP607,*,41.0012,-32.9573,40.46044645,-32.58172075,40.20852187,-32.4138934,3427,,63.32,1.55091,0.65,uk,,,Lawrence,2010,https://doi.org/10.1016/j.epsl.2010.10.013,https://doi.org/10.25921/phvg-5h05,
DSDP607,*,41.0012,-32.9573,40.46044645,-32.58172075,40.20852187,-32.4138934,3427,,63.49,1.55414,0.605,uk,,,Lawrence,2010,https://doi.org/10.1016/j.epsl.2010.10.013,https://doi.org/10.25921/phvg-5h05,
DSDP607,*,41.0012,-32.9573,40.46044645,-32.58172075,40.20852187,-32.4138934,3427,,63.62,1.55661,0.655,uk,,,Lawrence,2010,https://doi.org/10.1016/j.epsl.2010.10.013,https://doi.org/10.25921/phvg-5h05,
DSDP607,*,41.0012,-32.9573,40.46044645,-32.58172075,40.20852187,-32.4138934,3427,,63.78,1.55965,0.694,uk,,,Lawrence,2010,https://doi.org/10.1016/j.epsl.2010.10.013,https://doi.org/10.25921/phvg-5h05,
DSDP607,*,41.0012,-32.9573,40.46044645,-32.58172075,40.20852187,-32.4138934,3427,,63.95,1.562872308,0.6965,uk,,,Lawrence,2010,https://doi.org/10.1016/j.epsl.2010.10.013,https://doi.org/10.25921/phvg-5h05,
DSDP607,*,41.0012,-32.9573,40.46044645,-32.58172075,40.20852187,-32.4138934,3427,,64.1,1.565710769,0.657,uk,,,Lawrence,2010,https://doi.org/10.1016/j.epsl.2010.10.013,https://doi.org/10.25921/phvg-5h05,
DSDP607,*,41.0012,-32.9573,40.46044645,-32.58172075,40.20852187,-32.4138934,3427,,64.19,1.567372,0.679,uk,,,Lawrence,2010,https://doi.org/10.1016/j.epsl.2010.10.013,https://doi.org/10.25921/phvg-5h05,
DSDP607,*,41.0012,-32.9573,40.46044645,-32.58172075,40.20852187,-32.4138934,3427,,64.41,1.57115,0.649,uk,,,Lawrence,2010,https://doi.org/10.1016/j.epsl.2010.10.013,https://doi.org/10.25921/phvg-5h05,
DSDP607,*,41.0012,-32.9573,40.46044645,-32.58172075,40.20852187,-32.4138934,3427,,64.56,1.573516471,0.644,uk,,,Lawrence,2010,https://doi.org/10.1016/j.epsl.2010.10.013,https://doi.org/10.25921/phvg-5h05,
DSDP607,*,41.0012,-32.9573,40.46044645,-32.58172075,40.20852187,-32.4138934,3427,,64.7,1.575654286,0.659,uk,,,Lawrence,2010,https://doi.org/10.1016/j.epsl.2010.10.013,https://doi.org/10.25921/phvg-5h05,
DSDP607,*,41.0012,-32.9573,40.46044645,-32.58172075,40.20852187,-32.4138934,3427,,64.86,1.578068,0.643,uk,,,Lawrence,2010,https://doi.org/10.1016/j.epsl.2010.10.013,https://doi.org/10.25921/phvg-5h05,
DSDP607,*,41.0012,-32.9573,40.46044645,-32.58172075,40.20852187,-32.4138934,3427,,64.99,1.58017,0.649,uk,,,Lawrence,2010,https://doi.org/10.1016/j.epsl.2010.10.013,https://doi.org/10.25921/phvg-5h05,
DSDP607,*,41.0012,-32.9573,40.46044645,-32.58172075,40.20852187,-32.4138934,3427,,65.15,1.582904706,0.683,uk,,,Lawrence,2010,https://doi.org/10.1016/j.epsl.2010.10.013,https://doi.org/10.25921/phvg-5h05,
DSDP607,*,41.0012,-32.9573,40.46044645,-32.58172075,40.20852187,-32.4138934,3427,,65.29,1.585407333,0.682,uk,,,Lawrence,2010,https://doi.org/10.1016/j.epsl.2010.10.013,https://doi.org/10.25921/phvg-5h05,
DSDP607,*,41.0012,-32.9573,40.46044645,-32.58172075,40.20852187,-32.4138934,3427,,65.45,1.588402258,0.648,uk,,,Lawrence,2010,https://doi.org/10.1016/j.epsl.2010.10.013,https://doi.org/10.25921/phvg-5h05,
DSDP607,*,41.0012,-32.9573,40.46044645,-32.58172075,40.20852187,-32.4138934,3427,,65.59,1.591053226,0.607,uk,,,Lawrence,2010,https://doi.org/10.1016/j.epsl.2010.10.013,https://doi.org/10.25921/phvg-5h05,
DSDP607,*,41.0012,-32.9573,40.46044645,-32.58172075,40.20852187,-32.4138934,3427,,65.7,1.59338,0.64,uk,,,Lawrence,2010,https://doi.org/10.1016/j.epsl.2010.10.013,https://doi.org/10.25921/phvg-5h05,
DSDP607,*,41.0012,-32.9573,40.46044645,-32.58172075,40.20852187,-32.4138934,3427,,65.86,1.59712,0.661,uk,,,Lawrence,2010,https://doi.org/10.1016/j.epsl.2010.10.013,https://doi.org/10.25921/phvg-5h05,
DSDP607,*,41.0012,-32.9573,40.46044645,-32.58172075,40.20852187,-32.4138934,3427,,66.01,1.60064,0.674,uk,,,Lawrence,2010,https://doi.org/10.1016/j.epsl.2010.10.013,https://doi.org/10.25921/phvg-5h05,
DSDP607,*,41.0012,-32.9573,40.46044645,-32.58172075,40.20852187,-32.4138934,3427,,66.18,1.604652,0.661,uk,,,Lawrence,2010,https://doi.org/10.1016/j.epsl.2010.10.013,https://doi.org/10.25921/phvg-5h05,
DSDP607,*,41.0012,-32.9573,40.46044645,-32.58172075,40.20852187,-32.4138934,3427,,66.36,1.60891,0.663,uk,,,Lawrence,2010,https://doi.org/10.1016/j.epsl.2010.10.013,https://doi.org/10.25921/phvg-5h05,
DSDP607,*,41.0012,-32.9573,40.46044645,-32.58172075,40.20852187,-32.4138934,3427,,66.47,1.611506667,0.663,uk,,,Lawrence,2010,https://doi.org/10.1016/j.epsl.2010.10.013,https://doi.org/10.25921/phvg-5h05,
DSDP607,*,41.0012,-32.9573,40.46044645,-32.58172075,40.20852187,-32.4138934,3427,,66.63,1.615287647,0.606,uk,,,Lawrence,2010,https://doi.org/10.1016/j.epsl.2010.10.013,https://doi.org/10.25921/phvg-5h05,
DSDP607,*,41.0012,-32.9573,40.46044645,-32.58172075,40.20852187,-32.4138934,3427,,66.77,1.618594,0.657,uk,,,Lawrence,2010,https://doi.org/10.1016/j.epsl.2010.10.013,https://doi.org/10.25921/phvg-5h05,
DSDP607,*,41.0012,-32.9573,40.46044645,-32.58172075,40.20852187,-32.4138934,3427,,66.91,1.6219,0.671,uk,,,Lawrence,2010,https://doi.org/10.1016/j.epsl.2010.10.013,https://doi.org/10.25921/phvg-5h05,
DSDP607,*,41.0012,-32.9573,40.46044645,-32.58172075,40.20852187,-32.4138934,3427,,67.09,1.626163333,0.597,uk,,,Lawrence,2010,https://doi.org/10.1016/j.epsl.2010.10.013,https://doi.org/10.25921/phvg-5h05,
DSDP607,*,41.0012,-32.9573,40.46044645,-32.58172075,40.20852187,-32.4138934,3427,,67.21,1.6291025,0.656,uk,,,Lawrence,2010,https://doi.org/10.1016/j.epsl.2010.10.013,https://doi.org/10.25921/phvg-5h05,
DSDP607,*,41.0012,-32.9573,40.46044645,-32.58172075,40.20852187,-32.4138934,3427,,67.36,1.63324625,0.698,uk,,,Lawrence,2010,https://doi.org/10.1016/j.epsl.2010.10.013,https://doi.org/10.25921/phvg-5h05,
DSDP607,*,41.0012,-32.9573,40.46044645,-32.58172075,40.20852187,-32.4138934,3427,,67.51,1.637532941,0.6795,uk,,,Lawrence,2010,https://doi.org/10.1016/j.epsl.2010.10.013,https://doi.org/10.25921/phvg-5h05,
DSDP607,*,41.0012,-32.9573,40.46044645,-32.58172075,40.20852187,-32.4138934,3427,,67.66,1.641611429,0.63,uk,,,Lawrence,2010,https://doi.org/10.1016/j.epsl.2010.10.013,https://doi.org/10.25921/phvg-5h05,
DSDP607,*,41.0012,-32.9573,40.46044645,-32.58172075,40.20852187,-32.4138934,3427,,67.68,1.642088571,0.657,uk,,,Lawrence,2010,https://doi.org/10.1016/j.epsl.2010.10.013,https://doi.org/10.25921/phvg-5h05,
DSDP607,*,41.0012,-32.9573,40.46044645,-32.58172075,40.20852187,-32.4138934,3427,,67.81,1.645122759,0.658,uk,,,Lawrence,2010,https://doi.org/10.1016/j.epsl.2010.10.013,https://doi.org/10.25921/phvg-5h05,
DSDP607,*,41.0012,-32.9573,40.46044645,-32.58172075,40.20852187,-32.4138934,3427,,67.98,1.649015172,0.6435,uk,,,Lawrence,2010,https://doi.org/10.1016/j.epsl.2010.10.013,https://doi.org/10.25921/phvg-5h05,
DSDP607,*,41.0012,-32.9573,40.46044645,-32.58172075,40.20852187,-32.4138934,3427,,68.13,1.65208,0.636,uk,,,Lawrence,2010,https://doi.org/10.1016/j.epsl.2010.10.013,https://doi.org/10.25921/phvg-5h05,
DSDP607,*,41.0012,-32.9573,40.46044645,-32.58172075,40.20852187,-32.4138934,3427,,68.28,1.655169032,0.628,uk,,,Lawrence,2010,https://doi.org/10.1016/j.epsl.2010.10.013,https://doi.org/10.25921/phvg-5h05,
DSDP607,*,41.0012,-32.9573,40.46044645,-32.58172075,40.20852187,-32.4138934,3427,,68.43,1.658362581,0.64,uk,,,Lawrence,2010,https://doi.org/10.1016/j.epsl.2010.10.013,https://doi.org/10.25921/phvg-5h05,
DSDP607,*,41.0012,-32.9573,40.46044645,-32.58172075,40.20852187,-32.4138934,3427,,68.6,1.662272667,0.525,uk,,,Lawrence,2010,https://doi.org/10.1016/j.epsl.2010.10.013,https://doi.org/10.25921/phvg-5h05,
DSDP607,*,41.0012,-32.9573,40.46044645,-32.58172075,40.20852187,-32.4138934,3427,,68.74,1.665515714,0.573,uk,,,Lawrence,2010,https://doi.org/10.1016/j.epsl.2010.10.013,https://doi.org/10.25921/phvg-5h05,
DSDP607,*,41.0012,-32.9573,40.46044645,-32.58172075,40.20852187,-32.4138934,3427,,68.88,1.66863913,0.644,uk,,,Lawrence,2010,https://doi.org/10.1016/j.epsl.2010.10.013,https://doi.org/10.25921/phvg-5h05,
DSDP607,*,41.0012,-32.9573,40.46044645,-32.58172075,40.20852187,-32.4138934,3427,,68.99,1.670872609,0.671,uk,,,Lawrence,2010,https://doi.org/10.1016/j.epsl.2010.10.013,https://doi.org/10.25921/phvg-5h05,
DSDP607,*,41.0012,-32.9573,40.46044645,-32.58172075,40.20852187,-32.4138934,3427,,69.2,1.6752125,0.679,uk,,,Lawrence,2010,https://doi.org/10.1016/j.epsl.2010.10.013,https://doi.org/10.25921/phvg-5h05,
DSDP607,*,41.0012,-32.9573,40.46044645,-32.58172075,40.20852187,-32.4138934,3427,,69.31,1.677515333,0.658,uk,,,Lawrence,2010,https://doi.org/10.1016/j.epsl.2010.10.013,https://doi.org/10.25921/phvg-5h05,
DSDP607,*,41.0012,-32.9573,40.46044645,-32.58172075,40.20852187,-32.4138934,3427,,69.5,1.681492143,0.709,uk,,,Lawrence,2010,https://doi.org/10.1016/j.epsl.2010.10.013,https://doi.org/10.25921/phvg-5h05,
DSDP607,*,41.0012,-32.9573,40.46044645,-32.58172075,40.20852187,-32.4138934,3427,,69.61,1.684205333,0.707,uk,,,Lawrence,2010,https://doi.org/10.1016/j.epsl.2010.10.013,https://doi.org/10.25921/phvg-5h05,
DSDP607,*,41.0012,-32.9573,40.46044645,-32.58172075,40.20852187,-32.4138934,3427,,69.79,1.68933,0.699,uk,,,Lawrence,2010,https://doi.org/10.1016/j.epsl.2010.10.013,https://doi.org/10.25921/phvg-5h05,
DSDP607,*,41.0012,-32.9573,40.46044645,-32.58172075,40.20852187,-32.4138934,3427,,69.91,1.693155,0.689,uk,,,Lawrence,2010,https://doi.org/10.1016/j.epsl.2010.10.013,https://doi.org/10.25921/phvg-5h05,
DSDP607,*,41.0012,-32.9573,40.46044645,-32.58172075,40.20852187,-32.4138934,3427,,70.07,1.699266667,0.581,uk,,,Lawrence,2010,https://doi.org/10.1016/j.epsl.2010.10.013,https://doi.org/10.25921/phvg-5h05,
DSDP607,*,41.0012,-32.9573,40.46044645,-32.58172075,40.20852187,-32.4138934,3427,,70.21,1.70725625,0.51,uk,,,Lawrence,2010,https://doi.org/10.1016/j.epsl.2010.10.013,https://doi.org/10.25921/phvg-5h05,
DSDP607,*,41.0012,-32.9573,40.46044645,-32.58172075,40.20852187,-32.4138934,3427,,70.37,1.7171925,0.555,uk,,,Lawrence,2010,https://doi.org/10.1016/j.epsl.2010.10.013,https://doi.org/10.25921/phvg-5h05,
DSDP607,*,41.0012,-32.9573,40.46044645,-32.58172075,40.20852187,-32.4138934,3427,,70.55,1.727952353,0.605,uk,,,Lawrence,2010,https://doi.org/10.1016/j.epsl.2010.10.013,https://doi.org/10.25921/phvg-5h05,
DSDP607,*,41.0012,-32.9573,40.46044645,-32.58172075,40.20852187,-32.4138934,3427,,70.68,1.735618182,0.635,uk,,,Lawrence,2010,https://doi.org/10.1016/j.epsl.2010.10.013,https://doi.org/10.25921/phvg-5h05,
DSDP607,*,41.0012,-32.9573,40.46044645,-32.58172075,40.20852187,-32.4138934,3427,,70.86,1.745763333,0.5465,uk,,,Lawrence,2010,https://doi.org/10.1016/j.epsl.2010.10.013,https://doi.org/10.25921/phvg-5h05,
DSDP607,*,41.0012,-32.9573,40.46044645,-32.58172075,40.20852187,-32.4138934,3427,,71.07,1.753231333,0.588,uk,,,Lawrence,2010,https://doi.org/10.1016/j.epsl.2010.10.013,https://doi.org/10.25921/phvg-5h05,
DSDP607,*,41.0012,-32.9573,40.46044645,-32.58172075,40.20852187,-32.4138934,3427,,71.11,1.754052667,0.609,uk,,,Lawrence,2010,https://doi.org/10.1016/j.epsl.2010.10.013,https://doi.org/10.25921/phvg-5h05,
DSDP607,*,41.0012,-32.9573,40.46044645,-32.58172075,40.20852187,-32.4138934,3427,,71.26,1.756846,0.626,uk,,,Lawrence,2010,https://doi.org/10.1016/j.epsl.2010.10.013,https://doi.org/10.25921/phvg-5h05,
DSDP607,*,41.0012,-32.9573,40.46044645,-32.58172075,40.20852187,-32.4138934,3427,,71.38,1.75888,0.6605,uk,,,Lawrence,2010,https://doi.org/10.1016/j.epsl.2010.10.013,https://doi.org/10.25921/phvg-5h05,
DSDP607,*,41.0012,-32.9573,40.46044645,-32.58172075,40.20852187,-32.4138934,3427,,72.8,1.774355102,0.69,uk,,,Lawrence,2010,https://doi.org/10.1016/j.epsl.2010.10.013,https://doi.org/10.25921/phvg-5h05,
DSDP607,*,41.0012,-32.9573,40.46044645,-32.58172075,40.20852187,-32.4138934,3427,,72.94,1.775782,0.698,uk,,,Lawrence,2010,https://doi.org/10.1016/j.epsl.2010.10.013,https://doi.org/10.25921/phvg-5h05,
DSDP607,*,41.0012,-32.9573,40.46044645,-32.58172075,40.20852187,-32.4138934,3427,,73.1,1.777588182,0.683,uk,,,Lawrence,2010,https://doi.org/10.1016/j.epsl.2010.10.013,https://doi.org/10.25921/phvg-5h05,
DSDP607,*,41.0012,-32.9573,40.46044645,-32.58172075,40.20852187,-32.4138934,3427,,73.25,1.779433333,0.659,uk,,,Lawrence,2010,https://doi.org/10.1016/j.epsl.2010.10.013,https://doi.org/10.25921/phvg-5h05,
DSDP607,*,41.0012,-32.9573,40.46044645,-32.58172075,40.20852187,-32.4138934,3427,,73.42,1.78175,0.643,uk,,,Lawrence,2010,https://doi.org/10.1016/j.epsl.2010.10.013,https://doi.org/10.25921/phvg-5h05,
DSDP607,*,41.0012,-32.9573,40.46044645,-32.58172075,40.20852187,-32.4138934,3427,,73.55,1.783581818,0.628,uk,,,Lawrence,2010,https://doi.org/10.1016/j.epsl.2010.10.013,https://doi.org/10.25921/phvg-5h05,
DSDP607,*,41.0012,-32.9573,40.46044645,-32.58172075,40.20852187,-32.4138934,3427,,73.7,1.785695455,0.585,uk,,,Lawrence,2010,https://doi.org/10.1016/j.epsl.2010.10.013,https://doi.org/10.25921/phvg-5h05,
DSDP607,*,41.0012,-32.9573,40.46044645,-32.58172075,40.20852187,-32.4138934,3427,,73.83,1.78768,0.571,uk,,,Lawrence,2010,https://doi.org/10.1016/j.epsl.2010.10.013,https://doi.org/10.25921/phvg-5h05,
DSDP607,*,41.0012,-32.9573,40.46044645,-32.58172075,40.20852187,-32.4138934,3427,,74,1.79055,0.624,uk,,,Lawrence,2010,https://doi.org/10.1016/j.epsl.2010.10.013,https://doi.org/10.25921/phvg-5h05,
DSDP607,*,41.0012,-32.9573,40.46044645,-32.58172075,40.20852187,-32.4138934,3427,,74.15,1.794252,0.606,uk,,,Lawrence,2010,https://doi.org/10.1016/j.epsl.2010.10.013,https://doi.org/10.25921/phvg-5h05,
DSDP607,*,41.0012,-32.9573,40.46044645,-32.58172075,40.20852187,-32.4138934,3427,,74.32,1.799038571,0.588,uk,,,Lawrence,2010,https://doi.org/10.1016/j.epsl.2010.10.013,https://doi.org/10.25921/phvg-5h05,
DSDP607,*,41.0012,-32.9573,40.46044645,-32.58172075,40.20852187,-32.4138934,3427,,74.46,1.803236667,0.61,uk,,,Lawrence,2010,https://doi.org/10.1016/j.epsl.2010.10.013,https://doi.org/10.25921/phvg-5h05,
DSDP607,*,41.0012,-32.9573,40.46044645,-32.58172075,40.20852187,-32.4138934,3427,,74.59,1.807199091,0.625,uk,,,Lawrence,2010,https://doi.org/10.1016/j.epsl.2010.10.013,https://doi.org/10.25921/phvg-5h05,
DSDP607,*,41.0012,-32.9573,40.46044645,-32.58172075,40.20852187,-32.4138934,3427,,74.74,1.811834444,0.603,uk,,,Lawrence,2010,https://doi.org/10.1016/j.epsl.2010.10.013,https://doi.org/10.25921/phvg-5h05,
DSDP607,*,41.0012,-32.9573,40.46044645,-32.58172075,40.20852187,-32.4138934,3427,,74.87,1.8167775,0.593,uk,,,Lawrence,2010,https://doi.org/10.1016/j.epsl.2010.10.013,https://doi.org/10.25921/phvg-5h05,
DSDP607,*,41.0012,-32.9573,40.46044645,-32.58172075,40.20852187,-32.4138934,3427,,75.17,1.831736667,0.668,uk,,,Lawrence,2010,https://doi.org/10.1016/j.epsl.2010.10.013,https://doi.org/10.25921/phvg-5h05,
DSDP607,*,41.0012,-32.9573,40.46044645,-32.58172075,40.20852187,-32.4138934,3427,,75.37,1.842878,0.647,uk,,,Lawrence,2010,https://doi.org/10.1016/j.epsl.2010.10.013,https://doi.org/10.25921/phvg-5h05,
DSDP607,*,41.0012,-32.9573,40.46044645,-32.58172075,40.20852187,-32.4138934,3427,,75.51,1.849064375,0.646,uk,,,Lawrence,2010,https://doi.org/10.1016/j.epsl.2010.10.013,https://doi.org/10.25921/phvg-5h05,
DSDP607,*,41.0012,-32.9573,40.46044645,-32.58172075,40.20852187,-32.4138934,3427,,75.59,1.852406,0.624,uk,,,Lawrence,2010,https://doi.org/10.1016/j.epsl.2010.10.013,https://doi.org/10.25921/phvg-5h05,
DSDP607,*,41.0012,-32.9573,40.46044645,-32.58172075,40.20852187,-32.4138934,3427,,75.66,1.855266667,0.612,uk,,,Lawrence,2010,https://doi.org/10.1016/j.epsl.2010.10.013,https://doi.org/10.25921/phvg-5h05,
DSDP607,*,41.0012,-32.9573,40.46044645,-32.58172075,40.20852187,-32.4138934,3427,,75.8,1.860987143,0.535,uk,,,Lawrence,2010,https://doi.org/10.1016/j.epsl.2010.10.013,https://doi.org/10.25921/phvg-5h05,
DSDP607,*,41.0012,-32.9573,40.46044645,-32.58172075,40.20852187,-32.4138934,3427,,75.95,1.867116667,0.608,uk,,,Lawrence,2010,https://doi.org/10.1016/j.epsl.2010.10.013,https://doi.org/10.25921/phvg-5h05,
DSDP607,*,41.0012,-32.9573,40.46044645,-32.58172075,40.20852187,-32.4138934,3427,,76.06,1.871614545,0.626,uk,,,Lawrence,2010,https://doi.org/10.1016/j.epsl.2010.10.013,https://doi.org/10.25921/phvg-5h05,
DSDP607,*,41.0012,-32.9573,40.46044645,-32.58172075,40.20852187,-32.4138934,3427,,76.25,1.879383333,0.618,uk,,,Lawrence,2010,https://doi.org/10.1016/j.epsl.2010.10.013,https://doi.org/10.25921/phvg-5h05,
DSDP607,*,41.0012,-32.9573,40.46044645,-32.58172075,40.20852187,-32.4138934,3427,,76.4,1.8851825,0.613,uk,,,Lawrence,2010,https://doi.org/10.1016/j.epsl.2010.10.013,https://doi.org/10.25921/phvg-5h05,
DSDP607,*,41.0012,-32.9573,40.46044645,-32.58172075,40.20852187,-32.4138934,3427,,76.53,1.890000769,0.613,uk,,,Lawrence,2010,https://doi.org/10.1016/j.epsl.2010.10.013,https://doi.org/10.25921/phvg-5h05,
DSDP607,*,41.0012,-32.9573,40.46044645,-32.58172075,40.20852187,-32.4138934,3427,,76.71,1.896635333,0.626,uk,,,Lawrence,2010,https://doi.org/10.1016/j.epsl.2010.10.013,https://doi.org/10.25921/phvg-5h05,
DSDP607,*,41.0012,-32.9573,40.46044645,-32.58172075,40.20852187,-32.4138934,3427,,76.83,1.900844118,0.636,uk,,,Lawrence,2010,https://doi.org/10.1016/j.epsl.2010.10.013,https://doi.org/10.25921/phvg-5h05,
DSDP607,*,41.0012,-32.9573,40.46044645,-32.58172075,40.20852187,-32.4138934,3427,,77,1.906337143,0.632,uk,,,Lawrence,2010,https://doi.org/10.1016/j.epsl.2010.10.013,https://doi.org/10.25921/phvg-5h05,
DSDP607,*,41.0012,-32.9573,40.46044645,-32.58172075,40.20852187,-32.4138934,3427,,77.15,1.910709375,0.642,uk,,,Lawrence,2010,https://doi.org/10.1016/j.epsl.2010.10.013,https://doi.org/10.25921/phvg-5h05,
DSDP607,*,41.0012,-32.9573,40.46044645,-32.58172075,40.20852187,-32.4138934,3427,,77.32,1.915384615,0.632,uk,,,Lawrence,2010,https://doi.org/10.1016/j.epsl.2010.10.013,https://doi.org/10.25921/phvg-5h05,
DSDP607,*,41.0012,-32.9573,40.46044645,-32.58172075,40.20852187,-32.4138934,3427,,77.87,1.927893793,0.681,uk,,,Lawrence,2010,https://doi.org/10.1016/j.epsl.2010.10.013,https://doi.org/10.25921/phvg-5h05,
DSDP607,*,41.0012,-32.9573,40.46044645,-32.58172075,40.20852187,-32.4138934,3427,,78.06,1.931294138,0.67,uk,,,Lawrence,2010,https://doi.org/10.1016/j.epsl.2010.10.013,https://doi.org/10.25921/phvg-5h05,
DSDP607,*,41.0012,-32.9573,40.46044645,-32.58172075,40.20852187,-32.4138934,3427,,78.36,1.936310667,0.68,uk,,,Lawrence,2010,https://doi.org/10.1016/j.epsl.2010.10.013,https://doi.org/10.25921/phvg-5h05,
DSDP607,*,41.0012,-32.9573,40.46044645,-32.58172075,40.20852187,-32.4138934,3427,,78.51,1.938515625,0.6765,uk,,,Lawrence,2010,https://doi.org/10.1016/j.epsl.2010.10.013,https://doi.org/10.25921/phvg-5h05,
DSDP607,*,41.0012,-32.9573,40.46044645,-32.58172075,40.20852187,-32.4138934,3427,,78.66,1.940723333,0.658,uk,,,Lawrence,2010,https://doi.org/10.1016/j.epsl.2010.10.013,https://doi.org/10.25921/phvg-5h05,
DSDP607,*,41.0012,-32.9573,40.46044645,-32.58172075,40.20852187,-32.4138934,3427,,78.8,1.942784286,0.635,uk,,,Lawrence,2010,https://doi.org/10.1016/j.epsl.2010.10.013,https://doi.org/10.25921/phvg-5h05,
DSDP607,*,41.0012,-32.9573,40.46044645,-32.58172075,40.20852187,-32.4138934,3427,,78.95,1.944993333,0.635,uk,,,Lawrence,2010,https://doi.org/10.1016/j.epsl.2010.10.013,https://doi.org/10.25921/phvg-5h05,
DSDP607,*,41.0012,-32.9573,40.46044645,-32.58172075,40.20852187,-32.4138934,3427,,79.1,1.947198182,0.582,uk,,,Lawrence,2010,https://doi.org/10.1016/j.epsl.2010.10.013,https://doi.org/10.25921/phvg-5h05,
DSDP607,*,41.0012,-32.9573,40.46044645,-32.58172075,40.20852187,-32.4138934,3427,,79.25,1.9494,0.612,uk,,,Lawrence,2010,https://doi.org/10.1016/j.epsl.2010.10.013,https://doi.org/10.25921/phvg-5h05,
DSDP607,*,41.0012,-32.9573,40.46044645,-32.58172075,40.20852187,-32.4138934,3427,,79.37,1.95116125,0.604,uk,,,Lawrence,2010,https://doi.org/10.1016/j.epsl.2010.10.013,https://doi.org/10.25921/phvg-5h05,
DSDP607,*,41.0012,-32.9573,40.46044645,-32.58172075,40.20852187,-32.4138934,3427,,79.4,1.951601875,0.595,uk,,,Lawrence,2010,https://doi.org/10.1016/j.epsl.2010.10.013,https://doi.org/10.25921/phvg-5h05,
DSDP607,*,41.0012,-32.9573,40.46044645,-32.58172075,40.20852187,-32.4138934,3427,,79.55,1.95399,0.603,uk,,,Lawrence,2010,https://doi.org/10.1016/j.epsl.2010.10.013,https://doi.org/10.25921/phvg-5h05,
DSDP607,*,41.0012,-32.9573,40.46044645,-32.58172075,40.20852187,-32.4138934,3427,,79.85,1.959383333,0.578,uk,,,Lawrence,2010,https://doi.org/10.1016/j.epsl.2010.10.013,https://doi.org/10.25921/phvg-5h05,
DSDP607,*,41.0012,-32.9573,40.46044645,-32.58172075,40.20852187,-32.4138934,3427,,80,1.96237375,0.605,uk,,,Lawrence,2010,https://doi.org/10.1016/j.epsl.2010.10.013,https://doi.org/10.25921/phvg-5h05,
DSDP607,*,41.0012,-32.9573,40.46044645,-32.58172075,40.20852187,-32.4138934,3427,,80.15,1.965365455,0.613,uk,,,Lawrence,2010,https://doi.org/10.1016/j.epsl.2010.10.013,https://doi.org/10.25921/phvg-5h05,
DSDP607,*,41.0012,-32.9573,40.46044645,-32.58172075,40.20852187,-32.4138934,3427,,80.31,1.968552857,0.648,uk,,,Lawrence,2010,https://doi.org/10.1016/j.epsl.2010.10.013,https://doi.org/10.25921/phvg-5h05,
DSDP607,*,41.0012,-32.9573,40.46044645,-32.58172075,40.20852187,-32.4138934,3427,,80.46,1.971699286,0.64,uk,,,Lawrence,2010,https://doi.org/10.1016/j.epsl.2010.10.013,https://doi.org/10.25921/phvg-5h05,
DSDP607,*,41.0012,-32.9573,40.46044645,-32.58172075,40.20852187,-32.4138934,3427,,80.57,1.974333043,0.65,uk,,,Lawrence,2010,https://doi.org/10.1016/j.epsl.2010.10.013,https://doi.org/10.25921/phvg-5h05,
DSDP607,*,41.0012,-32.9573,40.46044645,-32.58172075,40.20852187,-32.4138934,3427,,80.77,1.97932,0.657,uk,,,Lawrence,2010,https://doi.org/10.1016/j.epsl.2010.10.013,https://doi.org/10.25921/phvg-5h05,
DSDP607,*,41.0012,-32.9573,40.46044645,-32.58172075,40.20852187,-32.4138934,3427,,81.06,1.986652727,0.648,uk,,,Lawrence,2010,https://doi.org/10.1016/j.epsl.2010.10.013,https://doi.org/10.25921/phvg-5h05,
DSDP607,*,41.0012,-32.9573,40.46044645,-32.58172075,40.20852187,-32.4138934,3427,,81.21,1.989882353,0.589,uk,,,Lawrence,2010,https://doi.org/10.1016/j.epsl.2010.10.013,https://doi.org/10.25921/phvg-5h05,
DSDP607,*,41.0012,-32.9573,40.46044645,-32.58172075,40.20852187,-32.4138934,3427,,81.36,1.99281,0.619,uk,,,Lawrence,2010,https://doi.org/10.1016/j.epsl.2010.10.013,https://doi.org/10.25921/phvg-5h05,
DSDP607,*,41.0012,-32.9573,40.46044645,-32.58172075,40.20852187,-32.4138934,3427,,81.51,1.99548125,0.652,uk,,,Lawrence,2010,https://doi.org/10.1016/j.epsl.2010.10.013,https://doi.org/10.25921/phvg-5h05,
DSDP607,*,41.0012,-32.9573,40.46044645,-32.58172075,40.20852187,-32.4138934,3427,,81.66,1.99799,0.593,uk,,,Lawrence,2010,https://doi.org/10.1016/j.epsl.2010.10.013,https://doi.org/10.25921/phvg-5h05,
DSDP607,*,41.0012,-32.9573,40.46044645,-32.58172075,40.20852187,-32.4138934,3427,,81.8,2.000179286,0.612,uk,,,Lawrence,2010,https://doi.org/10.1016/j.epsl.2010.10.013,https://doi.org/10.25921/phvg-5h05,
DSDP607,*,41.0012,-32.9573,40.46044645,-32.58172075,40.20852187,-32.4138934,3427,,82.6,2.00938,0.597,uk,,,Lawrence,2010,https://doi.org/10.1016/j.epsl.2010.10.013,https://doi.org/10.25921/phvg-5h05,
DSDP607,*,41.0012,-32.9573,40.46044645,-32.58172075,40.20852187,-32.4138934,3427,,82.75,2.010799189,0.625,uk,,,Lawrence,2010,https://doi.org/10.1016/j.epsl.2010.10.013,https://doi.org/10.25921/phvg-5h05,
DSDP607,*,41.0012,-32.9573,40.46044645,-32.58172075,40.20852187,-32.4138934,3427,,82.9,2.012222162,0.598,uk,,,Lawrence,2010,https://doi.org/10.1016/j.epsl.2010.10.013,https://doi.org/10.25921/phvg-5h05,
DSDP607,*,41.0012,-32.9573,40.46044645,-32.58172075,40.20852187,-32.4138934,3427,,83.05,2.013645135,0.533,uk,,,Lawrence,2010,https://doi.org/10.1016/j.epsl.2010.10.013,https://doi.org/10.25921/phvg-5h05,
DSDP607,*,41.0012,-32.9573,40.46044645,-32.58172075,40.20852187,-32.4138934,3427,,83.2,2.015068235,0.581,uk,,,Lawrence,2010,https://doi.org/10.1016/j.epsl.2010.10.013,https://doi.org/10.25921/phvg-5h05,
DSDP607,*,41.0012,-32.9573,40.46044645,-32.58172075,40.20852187,-32.4138934,3427,,83.35,2.016488462,0.596,uk,,,Lawrence,2010,https://doi.org/10.1016/j.epsl.2010.10.013,https://doi.org/10.25921/phvg-5h05,
DSDP607,*,41.0012,-32.9573,40.46044645,-32.58172075,40.20852187,-32.4138934,3427,,83.5,2.01791,0.496,uk,,,Lawrence,2010,https://doi.org/10.1016/j.epsl.2010.10.013,https://doi.org/10.25921/phvg-5h05,
DSDP607,*,41.0012,-32.9573,40.46044645,-32.58172075,40.20852187,-32.4138934,3427,,83.65,2.019331875,0.592,uk,,,Lawrence,2010,https://doi.org/10.1016/j.epsl.2010.10.013,https://doi.org/10.25921/phvg-5h05,
DSDP607,*,41.0012,-32.9573,40.46044645,-32.58172075,40.20852187,-32.4138934,3427,,83.8,2.020751538,0.619,uk,,,Lawrence,2010,https://doi.org/10.1016/j.epsl.2010.10.013,https://doi.org/10.25921/phvg-5h05,
DSDP607,*,41.0012,-32.9573,40.46044645,-32.58172075,40.20852187,-32.4138934,3427,,83.95,2.022258,0.51,uk,,,Lawrence,2010,https://doi.org/10.1016/j.epsl.2010.10.013,https://doi.org/10.25921/phvg-5h05,
DSDP607,*,41.0012,-32.9573,40.46044645,-32.58172075,40.20852187,-32.4138934,3427,,84.1,2.024022,0.643,uk,,,Lawrence,2010,https://doi.org/10.1016/j.epsl.2010.10.013,https://doi.org/10.25921/phvg-5h05,
DSDP607,*,41.0012,-32.9573,40.46044645,-32.58172075,40.20852187,-32.4138934,3427,,84.25,2.02606125,0.648,uk,,,Lawrence,2010,https://doi.org/10.1016/j.epsl.2010.10.013,https://doi.org/10.25921/phvg-5h05,
DSDP607,*,41.0012,-32.9573,40.46044645,-32.58172075,40.20852187,-32.4138934,3427,,84.4,2.028188929,0.667,uk,,,Lawrence,2010,https://doi.org/10.1016/j.epsl.2010.10.013,https://doi.org/10.25921/phvg-5h05,
DSDP607,*,41.0012,-32.9573,40.46044645,-32.58172075,40.20852187,-32.4138934,3427,,84.55,2.030315714,0.656,uk,,,Lawrence,2010,https://doi.org/10.1016/j.epsl.2010.10.013,https://doi.org/10.25921/phvg-5h05,
DSDP607,*,41.0012,-32.9573,40.46044645,-32.58172075,40.20852187,-32.4138934,3427,,84.7,2.032466207,0.663,uk,,,Lawrence,2010,https://doi.org/10.1016/j.epsl.2010.10.013,https://doi.org/10.25921/phvg-5h05,
DSDP607,*,41.0012,-32.9573,40.46044645,-32.58172075,40.20852187,-32.4138934,3427,,84.85,2.034643793,0.682,uk,,,Lawrence,2010,https://doi.org/10.1016/j.epsl.2010.10.013,https://doi.org/10.25921/phvg-5h05,
DSDP607,*,41.0012,-32.9573,40.46044645,-32.58172075,40.20852187,-32.4138934,3427,,85,2.036931111,0.682,uk,,,Lawrence,2010,https://doi.org/10.1016/j.epsl.2010.10.013,https://doi.org/10.25921/phvg-5h05,
DSDP607,*,41.0012,-32.9573,40.46044645,-32.58172075,40.20852187,-32.4138934,3427,,85.15,2.0394075,0.657,uk,,,Lawrence,2010,https://doi.org/10.1016/j.epsl.2010.10.013,https://doi.org/10.25921/phvg-5h05,
DSDP607,*,41.0012,-32.9573,40.46044645,-32.58172075,40.20852187,-32.4138934,3427,,85.28,2.04167,0.635,uk,,,Lawrence,2010,https://doi.org/10.1016/j.epsl.2010.10.013,https://doi.org/10.25921/phvg-5h05,
DSDP607,*,41.0012,-32.9573,40.46044645,-32.58172075,40.20852187,-32.4138934,3427,,85.3,2.04201,0.617,uk,,,Lawrence,2010,https://doi.org/10.1016/j.epsl.2010.10.013,https://doi.org/10.25921/phvg-5h05,
DSDP607,*,41.0012,-32.9573,40.46044645,-32.58172075,40.20852187,-32.4138934,3427,,85.45,2.044581176,0.605,uk,,,Lawrence,2010,https://doi.org/10.1016/j.epsl.2010.10.013,https://doi.org/10.25921/phvg-5h05,
DSDP607,*,41.0012,-32.9573,40.46044645,-32.58172075,40.20852187,-32.4138934,3427,,85.6,2.047185385,0.63,uk,,,Lawrence,2010,https://doi.org/10.1016/j.epsl.2010.10.013,https://doi.org/10.25921/phvg-5h05,
DSDP607,*,41.0012,-32.9573,40.46044645,-32.58172075,40.20852187,-32.4138934,3427,,85.75,2.0497925,0.611,uk,,,Lawrence,2010,https://doi.org/10.1016/j.epsl.2010.10.013,https://doi.org/10.25921/phvg-5h05,
DSDP607,*,41.0012,-32.9573,40.46044645,-32.58172075,40.20852187,-32.4138934,3427,,85.9,2.052401429,0.666,uk,,,Lawrence,2010,https://doi.org/10.1016/j.epsl.2010.10.013,https://doi.org/10.25921/phvg-5h05,
DSDP607,*,41.0012,-32.9573,40.46044645,-32.58172075,40.20852187,-32.4138934,3427,,86.07,2.055363636,0.662,uk,,,Lawrence,2010,https://doi.org/10.1016/j.epsl.2010.10.013,https://doi.org/10.25921/phvg-5h05,
DSDP607,*,41.0012,-32.9573,40.46044645,-32.58172075,40.20852187,-32.4138934,3427,,86.2,2.057622222,0.637,uk,,,Lawrence,2010,https://doi.org/10.1016/j.epsl.2010.10.013,https://doi.org/10.25921/phvg-5h05,
DSDP607,*,41.0012,-32.9573,40.46044645,-32.58172075,40.20852187,-32.4138934,3427,,86.35,2.060233333,0.621,uk,,,Lawrence,2010,https://doi.org/10.1016/j.epsl.2010.10.013,https://doi.org/10.25921/phvg-5h05,
DSDP607,*,41.0012,-32.9573,40.46044645,-32.58172075,40.20852187,-32.4138934,3427,,86.5,2.0628425,0.611,uk,,,Lawrence,2010,https://doi.org/10.1016/j.epsl.2010.10.013,https://doi.org/10.25921/phvg-5h05,
DSDP607,*,41.0012,-32.9573,40.46044645,-32.58172075,40.20852187,-32.4138934,3427,,86.65,2.065540714,0.56,uk,,,Lawrence,2010,https://doi.org/10.1016/j.epsl.2010.10.013,https://doi.org/10.25921/phvg-5h05,
DSDP607,*,41.0012,-32.9573,40.46044645,-32.58172075,40.20852187,-32.4138934,3427,,86.8,2.068466,0.54,uk,,,Lawrence,2010,https://doi.org/10.1016/j.epsl.2010.10.013,https://doi.org/10.25921/phvg-5h05,
DSDP607,*,41.0012,-32.9573,40.46044645,-32.58172075,40.20852187,-32.4138934,3427,,86.95,2.071452941,0.526,uk,,,Lawrence,2010,https://doi.org/10.1016/j.epsl.2010.10.013,https://doi.org/10.25921/phvg-5h05,
DSDP607,*,41.0012,-32.9573,40.46044645,-32.58172075,40.20852187,-32.4138934,3427,,87.1,2.07444,0.509,uk,,,Lawrence,2010,https://doi.org/10.1016/j.epsl.2010.10.013,https://doi.org/10.25921/phvg-5h05,
DSDP607,*,41.0012,-32.9573,40.46044645,-32.58172075,40.20852187,-32.4138934,3427,,87.23,2.077035,0.514,uk,,,Lawrence,2010,https://doi.org/10.1016/j.epsl.2010.10.013,https://doi.org/10.25921/phvg-5h05,
DSDP607,*,41.0012,-32.9573,40.46044645,-32.58172075,40.20852187,-32.4138934,3427,,87.4,2.080436667,0.54,uk,,,Lawrence,2010,https://doi.org/10.1016/j.epsl.2010.10.013,https://doi.org/10.25921/phvg-5h05,
DSDP607,*,41.0012,-32.9573,40.46044645,-32.58172075,40.20852187,-32.4138934,3427,,87.55,2.083486667,0.562,uk,,,Lawrence,2010,https://doi.org/10.1016/j.epsl.2010.10.013,https://doi.org/10.25921/phvg-5h05,
DSDP607,*,41.0012,-32.9573,40.46044645,-32.58172075,40.20852187,-32.4138934,3427,,87.7,2.086506667,0.554,uk,,,Lawrence,2010,https://doi.org/10.1016/j.epsl.2010.10.013,https://doi.org/10.25921/phvg-5h05,
DSDP607,*,41.0012,-32.9573,40.46044645,-32.58172075,40.20852187,-32.4138934,3427,,87.85,2.089440909,0.598,uk,,,Lawrence,2010,https://doi.org/10.1016/j.epsl.2010.10.013,https://doi.org/10.25921/phvg-5h05,
DSDP607,*,41.0012,-32.9573,40.46044645,-32.58172075,40.20852187,-32.4138934,3427,,88,2.092336667,0.608,uk,,,Lawrence,2010,https://doi.org/10.1016/j.epsl.2010.10.013,https://doi.org/10.25921/phvg-5h05,
DSDP607,*,41.0012,-32.9573,40.46044645,-32.58172075,40.20852187,-32.4138934,3427,,88.15,2.0952325,0.589,uk,,,Lawrence,2010,https://doi.org/10.1016/j.epsl.2010.10.013,https://doi.org/10.25921/phvg-5h05,
DSDP607,*,41.0012,-32.9573,40.46044645,-32.58172075,40.20852187,-32.4138934,3427,,88.3,2.098168462,0.515,uk,,,Lawrence,2010,https://doi.org/10.1016/j.epsl.2010.10.013,https://doi.org/10.25921/phvg-5h05,
DSDP607,*,41.0012,-32.9573,40.46044645,-32.58172075,40.20852187,-32.4138934,3427,,88.45,2.101234706,0.577,uk,,,Lawrence,2010,https://doi.org/10.1016/j.epsl.2010.10.013,https://doi.org/10.25921/phvg-5h05,
DSDP607,*,41.0012,-32.9573,40.46044645,-32.58172075,40.20852187,-32.4138934,3427,,88.6,2.104298462,0.601,uk,,,Lawrence,2010,https://doi.org/10.1016/j.epsl.2010.10.013,https://doi.org/10.25921/phvg-5h05,
DSDP607,*,41.0012,-32.9573,40.46044645,-32.58172075,40.20852187,-32.4138934,3427,,88.73,2.106956842,0.607,uk,,,Lawrence,2010,https://doi.org/10.1016/j.epsl.2010.10.013,https://doi.org/10.25921/phvg-5h05,
DSDP607,*,41.0012,-32.9573,40.46044645,-32.58172075,40.20852187,-32.4138934,3427,,88.75,2.107365263,0.6205,uk,,,Lawrence,2010,https://doi.org/10.1016/j.epsl.2010.10.013,https://doi.org/10.25921/phvg-5h05,
DSDP607,*,41.0012,-32.9573,40.46044645,-32.58172075,40.20852187,-32.4138934,3427,,88.9,2.110427778,0.621,uk,,,Lawrence,2010,https://doi.org/10.1016/j.epsl.2010.10.013,https://doi.org/10.25921/phvg-5h05,
DSDP607,*,41.0012,-32.9573,40.46044645,-32.58172075,40.20852187,-32.4138934,3427,,89.05,2.113486111,0.616,uk,,,Lawrence,2010,https://doi.org/10.1016/j.epsl.2010.10.013,https://doi.org/10.25921/phvg-5h05,
DSDP607,*,41.0012,-32.9573,40.46044645,-32.58172075,40.20852187,-32.4138934,3427,,89.2,2.116607647,0.567,uk,,,Lawrence,2010,https://doi.org/10.1016/j.epsl.2010.10.013,https://doi.org/10.25921/phvg-5h05,
DSDP607,*,41.0012,-32.9573,40.46044645,-32.58172075,40.20852187,-32.4138934,3427,,89.35,2.119833077,0.585,uk,,,Lawrence,2010,https://doi.org/10.1016/j.epsl.2010.10.013,https://doi.org/10.25921/phvg-5h05,
DSDP607,*,41.0012,-32.9573,40.46044645,-32.58172075,40.20852187,-32.4138934,3427,,89.5,2.123334,0.641,uk,,,Lawrence,2010,https://doi.org/10.1016/j.epsl.2010.10.013,https://doi.org/10.25921/phvg-5h05,
DSDP607,*,41.0012,-32.9573,40.46044645,-32.58172075,40.20852187,-32.4138934,3427,,89.65,2.127119,0.653,uk,,,Lawrence,2010,https://doi.org/10.1016/j.epsl.2010.10.013,https://doi.org/10.25921/phvg-5h05,
DSDP607,*,41.0012,-32.9573,40.46044645,-32.58172075,40.20852187,-32.4138934,3427,,89.8,2.131066,0.681,uk,,,Lawrence,2010,https://doi.org/10.1016/j.epsl.2010.10.013,https://doi.org/10.25921/phvg-5h05,
DSDP607,*,41.0012,-32.9573,40.46044645,-32.58172075,40.20852187,-32.4138934,3427,,89.95,2.135256,0.66,uk,,,Lawrence,2010,https://doi.org/10.1016/j.epsl.2010.10.013,https://doi.org/10.25921/phvg-5h05,
DSDP607,*,41.0012,-32.9573,40.46044645,-32.58172075,40.20852187,-32.4138934,3427,,90.1,2.139442,0.671,uk,,,Lawrence,2010,https://doi.org/10.1016/j.epsl.2010.10.013,https://doi.org/10.25921/phvg-5h05,
DSDP607,*,41.0012,-32.9573,40.46044645,-32.58172075,40.20852187,-32.4138934,3427,,90.25,2.143448378,0.614,uk,,,Lawrence,2010,https://doi.org/10.1016/j.epsl.2010.10.013,https://doi.org/10.25921/phvg-5h05,
DSDP607,*,41.0012,-32.9573,40.46044645,-32.58172075,40.20852187,-32.4138934,3427,,90.4,2.147194324,0.591,uk,,,Lawrence,2010,https://doi.org/10.1016/j.epsl.2010.10.013,https://doi.org/10.25921/phvg-5h05,
DSDP607,*,41.0012,-32.9573,40.46044645,-32.58172075,40.20852187,-32.4138934,3427,,90.55,2.15094027,0.5585,uk,,,Lawrence,2010,https://doi.org/10.1016/j.epsl.2010.10.013,https://doi.org/10.25921/phvg-5h05,
DSDP607,*,41.0012,-32.9573,40.46044645,-32.58172075,40.20852187,-32.4138934,3427,,90.7,2.154236667,0.565,uk,,,Lawrence,2010,https://doi.org/10.1016/j.epsl.2010.10.013,https://doi.org/10.25921/phvg-5h05,
DSDP607,*,41.0012,-32.9573,40.46044645,-32.58172075,40.20852187,-32.4138934,3427,,90.85,2.157211667,0.562,uk,,,Lawrence,2010,https://doi.org/10.1016/j.epsl.2010.10.013,https://doi.org/10.25921/phvg-5h05,
DSDP607,*,41.0012,-32.9573,40.46044645,-32.58172075,40.20852187,-32.4138934,3427,,91,2.160394667,0.559,uk,,,Lawrence,2010,https://doi.org/10.1016/j.epsl.2010.10.013,https://doi.org/10.25921/phvg-5h05,
DSDP607,*,41.0012,-32.9573,40.46044645,-32.58172075,40.20852187,-32.4138934,3427,,91.15,2.163759667,0.535,uk,,,Lawrence,2010,https://doi.org/10.1016/j.epsl.2010.10.013,https://doi.org/10.25921/phvg-5h05,
DSDP607,*,41.0012,-32.9573,40.46044645,-32.58172075,40.20852187,-32.4138934,3427,,91.3,2.167264118,0.563,uk,,,Lawrence,2010,https://doi.org/10.1016/j.epsl.2010.10.013,https://doi.org/10.25921/phvg-5h05,
DSDP607,*,41.0012,-32.9573,40.46044645,-32.58172075,40.20852187,-32.4138934,3427,,91.45,2.171081176,0.5865,uk,,,Lawrence,2010,https://doi.org/10.1016/j.epsl.2010.10.013,https://doi.org/10.25921/phvg-5h05,
DSDP607,*,41.0012,-32.9573,40.46044645,-32.58172075,40.20852187,-32.4138934,3427,,91.6,2.175345385,0.64,uk,,,Lawrence,2010,https://doi.org/10.1016/j.epsl.2010.10.013,https://doi.org/10.25921/phvg-5h05,
DSDP607,*,41.0012,-32.9573,40.46044645,-32.58172075,40.20852187,-32.4138934,3427,,91.75,2.18005,0.667,uk,,,Lawrence,2010,https://doi.org/10.1016/j.epsl.2010.10.013,https://doi.org/10.25921/phvg-5h05,
DSDP607,A,41.0012,-32.9573,40.46044645,-32.58172075,40.20852187,-32.4138934,3427,,91.86,2.183472308,0.662,uk,,,Lawrence,2010,https://doi.org/10.1016/j.epsl.2010.10.013,https://doi.org/10.25921/phvg-5h05,
DSDP607,A,41.0012,-32.9573,40.46044645,-32.58172075,40.20852187,-32.4138934,3427,,92.16,2.19136,0.657,uk,,,Lawrence,2010,https://doi.org/10.1016/j.epsl.2010.10.013,https://doi.org/10.25921/phvg-5h05,
DSDP607,A,41.0012,-32.9573,40.46044645,-32.58172075,40.20852187,-32.4138934,3427,,92.31,2.19463375,0.647,uk,,,Lawrence,2010,https://doi.org/10.1016/j.epsl.2010.10.013,https://doi.org/10.25921/phvg-5h05,
DSDP607,A,41.0012,-32.9573,40.46044645,-32.58172075,40.20852187,-32.4138934,3427,,92.46,2.198150714,0.636,uk,,,Lawrence,2010,https://doi.org/10.1016/j.epsl.2010.10.013,https://doi.org/10.25921/phvg-5h05,
DSDP607,A,41.0012,-32.9573,40.46044645,-32.58172075,40.20852187,-32.4138934,3427,,92.61,2.201786,0.609,uk,,,Lawrence,2010,https://doi.org/10.1016/j.epsl.2010.10.013,https://doi.org/10.25921/phvg-5h05,
DSDP607,A,41.0012,-32.9573,40.46044645,-32.58172075,40.20852187,-32.4138934,3427,,92.76,2.20568,0.624,uk,,,Lawrence,2010,https://doi.org/10.1016/j.epsl.2010.10.013,https://doi.org/10.25921/phvg-5h05,
DSDP607,*,41.0012,-32.9573,40.46044645,-32.58172075,40.20852187,-32.4138934,3427,,92.86,2.208525455,0.661,uk,,,Lawrence,2010,https://doi.org/10.1016/j.epsl.2010.10.013,https://doi.org/10.25921/phvg-5h05,
DSDP607,*,41.0012,-32.9573,40.46044645,-32.58172075,40.20852187,-32.4138934,3427,,93.01,2.21255125,0.671,uk,,,Lawrence,2010,https://doi.org/10.1016/j.epsl.2010.10.013,https://doi.org/10.25921/phvg-5h05,
DSDP607,*,41.0012,-32.9573,40.46044645,-32.58172075,40.20852187,-32.4138934,3427,,93.16,2.216122273,0.666,uk,,,Lawrence,2010,https://doi.org/10.1016/j.epsl.2010.10.013,https://doi.org/10.25921/phvg-5h05,
DSDP607,*,41.0012,-32.9573,40.46044645,-32.58172075,40.20852187,-32.4138934,3427,,93.31,2.219429091,0.621,uk,,,Lawrence,2010,https://doi.org/10.1016/j.epsl.2010.10.013,https://doi.org/10.25921/phvg-5h05,
DSDP607,*,41.0012,-32.9573,40.46044645,-32.58172075,40.20852187,-32.4138934,3427,,93.45,2.222233529,0.6815,uk,,,Lawrence,2010,https://doi.org/10.1016/j.epsl.2010.10.013,https://doi.org/10.25921/phvg-5h05,
DSDP607,*,41.0012,-32.9573,40.46044645,-32.58172075,40.20852187,-32.4138934,3427,,93.46,2.222409412,0.683,uk,,,Lawrence,2010,https://doi.org/10.1016/j.epsl.2010.10.013,https://doi.org/10.25921/phvg-5h05,
DSDP607,*,41.0012,-32.9573,40.46044645,-32.58172075,40.20852187,-32.4138934,3427,,93.61,2.2250475,0.691,uk,,,Lawrence,2010,https://doi.org/10.1016/j.epsl.2010.10.013,https://doi.org/10.25921/phvg-5h05,
DSDP607,*,41.0012,-32.9573,40.46044645,-32.58172075,40.20852187,-32.4138934,3427,,93.76,2.227686,0.684,uk,,,Lawrence,2010,https://doi.org/10.1016/j.epsl.2010.10.013,https://doi.org/10.25921/phvg-5h05,
DSDP607,*,41.0012,-32.9573,40.46044645,-32.58172075,40.20852187,-32.4138934,3427,,93.91,2.230326,0.668,uk,,,Lawrence,2010,https://doi.org/10.1016/j.epsl.2010.10.013,https://doi.org/10.25921/phvg-5h05,
DSDP607,*,41.0012,-32.9573,40.46044645,-32.58172075,40.20852187,-32.4138934,3427,,94.06,2.233024839,0.672,uk,,,Lawrence,2010,https://doi.org/10.1016/j.epsl.2010.10.013,https://doi.org/10.25921/phvg-5h05,
DSDP607,*,41.0012,-32.9573,40.46044645,-32.58172075,40.20852187,-32.4138934,3427,,94.21,2.235811935,0.636,uk,,,Lawrence,2010,https://doi.org/10.1016/j.epsl.2010.10.013,https://doi.org/10.25921/phvg-5h05,
DSDP607,*,41.0012,-32.9573,40.46044645,-32.58172075,40.20852187,-32.4138934,3427,,94.36,2.238609286,0.63,uk,,,Lawrence,2010,https://doi.org/10.1016/j.epsl.2010.10.013,https://doi.org/10.25921/phvg-5h05,
DSDP607,*,41.0012,-32.9573,40.46044645,-32.58172075,40.20852187,-32.4138934,3427,,94.51,2.24142875,0.613,uk,,,Lawrence,2010,https://doi.org/10.1016/j.epsl.2010.10.013,https://doi.org/10.25921/phvg-5h05,
DSDP607,*,41.0012,-32.9573,40.46044645,-32.58172075,40.20852187,-32.4138934,3427,,94.66,2.244248636,0.595,uk,,,Lawrence,2010,https://doi.org/10.1016/j.epsl.2010.10.013,https://doi.org/10.25921/phvg-5h05,
DSDP607,*,41.0012,-32.9573,40.46044645,-32.58172075,40.20852187,-32.4138934,3427,,94.81,2.247064545,0.603,uk,,,Lawrence,2010,https://doi.org/10.1016/j.epsl.2010.10.013,https://doi.org/10.25921/phvg-5h05,
DSDP607,*,41.0012,-32.9573,40.46044645,-32.58172075,40.20852187,-32.4138934,3427,,94.96,2.249888235,0.629,uk,,,Lawrence,2010,https://doi.org/10.1016/j.epsl.2010.10.013,https://doi.org/10.25921/phvg-5h05,
DSDP607,*,41.0012,-32.9573,40.46044645,-32.58172075,40.20852187,-32.4138934,3427,,95.11,2.252705,0.643,uk,,,Lawrence,2010,https://doi.org/10.1016/j.epsl.2010.10.013,https://doi.org/10.25921/phvg-5h05,
DSDP607,*,41.0012,-32.9573,40.46044645,-32.58172075,40.20852187,-32.4138934,3427,,95.26,2.255529565,0.664,uk,,,Lawrence,2010,https://doi.org/10.1016/j.epsl.2010.10.013,https://doi.org/10.25921/phvg-5h05,
DSDP607,*,41.0012,-32.9573,40.46044645,-32.58172075,40.20852187,-32.4138934,3427,,95.41,2.258353478,0.684,uk,,,Lawrence,2010,https://doi.org/10.1016/j.epsl.2010.10.013,https://doi.org/10.25921/phvg-5h05,
DSDP607,*,41.0012,-32.9573,40.46044645,-32.58172075,40.20852187,-32.4138934,3427,,95.56,2.261177391,0.7125,uk,,,Lawrence,2010,https://doi.org/10.1016/j.epsl.2010.10.013,https://doi.org/10.25921/phvg-5h05,
DSDP607,*,41.0012,-32.9573,40.46044645,-32.58172075,40.20852187,-32.4138934,3427,,95.71,2.264216667,0.703,uk,,,Lawrence,2010,https://doi.org/10.1016/j.epsl.2010.10.013,https://doi.org/10.25921/phvg-5h05,
DSDP607,*,41.0012,-32.9573,40.46044645,-32.58172075,40.20852187,-32.4138934,3427,,95.86,2.267705,0.7,uk,,,Lawrence,2010,https://doi.org/10.1016/j.epsl.2010.10.013,https://doi.org/10.25921/phvg-5h05,
DSDP607,*,41.0012,-32.9573,40.46044645,-32.58172075,40.20852187,-32.4138934,3427,,96.01,2.27123,0.673,uk,,,Lawrence,2010,https://doi.org/10.1016/j.epsl.2010.10.013,https://doi.org/10.25921/phvg-5h05,
DSDP607,*,41.0012,-32.9573,40.46044645,-32.58172075,40.20852187,-32.4138934,3427,,96.16,2.274757273,0.641,uk,,,Lawrence,2010,https://doi.org/10.1016/j.epsl.2010.10.013,https://doi.org/10.25921/phvg-5h05,
DSDP607,*,41.0012,-32.9573,40.46044645,-32.58172075,40.20852187,-32.4138934,3427,,96.31,2.278289091,0.586,uk,,,Lawrence,2010,https://doi.org/10.1016/j.epsl.2010.10.013,https://doi.org/10.25921/phvg-5h05,
DSDP607,*,41.0012,-32.9573,40.46044645,-32.58172075,40.20852187,-32.4138934,3427,,96.46,2.28181,0.638,uk,,,Lawrence,2010,https://doi.org/10.1016/j.epsl.2010.10.013,https://doi.org/10.25921/phvg-5h05,
DSDP607,*,41.0012,-32.9573,40.46044645,-32.58172075,40.20852187,-32.4138934,3427,,96.61,2.285315,0.593,uk,,,Lawrence,2010,https://doi.org/10.1016/j.epsl.2010.10.013,https://doi.org/10.25921/phvg-5h05,
DSDP607,*,41.0012,-32.9573,40.46044645,-32.58172075,40.20852187,-32.4138934,3427,,96.76,2.28874,0.622,uk,,,Lawrence,2010,https://doi.org/10.1016/j.epsl.2010.10.013,https://doi.org/10.25921/phvg-5h05,
DSDP607,*,41.0012,-32.9573,40.46044645,-32.58172075,40.20852187,-32.4138934,3427,,96.91,2.292165,0.643,uk,,,Lawrence,2010,https://doi.org/10.1016/j.epsl.2010.10.013,https://doi.org/10.25921/phvg-5h05,
DSDP607,*,41.0012,-32.9573,40.46044645,-32.58172075,40.20852187,-32.4138934,3427,,97.06,2.29557,0.687,uk,,,Lawrence,2010,https://doi.org/10.1016/j.epsl.2010.10.013,https://doi.org/10.25921/phvg-5h05,
DSDP607,*,41.0012,-32.9573,40.46044645,-32.58172075,40.20852187,-32.4138934,3427,,97.21,2.298946667,0.6745,uk,,,Lawrence,2010,https://doi.org/10.1016/j.epsl.2010.10.013,https://doi.org/10.25921/phvg-5h05,
DSDP607,*,41.0012,-32.9573,40.46044645,-32.58172075,40.20852187,-32.4138934,3427,,97.36,2.302325,0.655,uk,,,Lawrence,2010,https://doi.org/10.1016/j.epsl.2010.10.013,https://doi.org/10.25921/phvg-5h05,
DSDP607,*,41.0012,-32.9573,40.46044645,-32.58172075,40.20852187,-32.4138934,3427,,97.51,2.3057,0.661,uk,,,Lawrence,2010,https://doi.org/10.1016/j.epsl.2010.10.013,https://doi.org/10.25921/phvg-5h05,
DSDP607,*,41.0012,-32.9573,40.46044645,-32.58172075,40.20852187,-32.4138934,3427,,97.66,2.309075,0.661,uk,,,Lawrence,2010,https://doi.org/10.1016/j.epsl.2010.10.013,https://doi.org/10.25921/phvg-5h05,
DSDP607,*,41.0012,-32.9573,40.46044645,-32.58172075,40.20852187,-32.4138934,3427,,97.81,2.31245,0.648,uk,,,Lawrence,2010,https://doi.org/10.1016/j.epsl.2010.10.013,https://doi.org/10.25921/phvg-5h05,
DSDP607,*,41.0012,-32.9573,40.46044645,-32.58172075,40.20852187,-32.4138934,3427,,97.96,2.315835862,0.673,uk,,,Lawrence,2010,https://doi.org/10.1016/j.epsl.2010.10.013,https://doi.org/10.25921/phvg-5h05,
DSDP607,*,41.0012,-32.9573,40.46044645,-32.58172075,40.20852187,-32.4138934,3427,,98.11,2.319213448,0.658,uk,,,Lawrence,2010,https://doi.org/10.1016/j.epsl.2010.10.013,https://doi.org/10.25921/phvg-5h05,
DSDP607,*,41.0012,-32.9573,40.46044645,-32.58172075,40.20852187,-32.4138934,3427,,98.26,2.32259,0.676,uk,,,Lawrence,2010,https://doi.org/10.1016/j.epsl.2010.10.013,https://doi.org/10.25921/phvg-5h05,
DSDP607,*,41.0012,-32.9573,40.46044645,-32.58172075,40.20852187,-32.4138934,3427,,98.41,2.325993333,0.639,uk,,,Lawrence,2010,https://doi.org/10.1016/j.epsl.2010.10.013,https://doi.org/10.25921/phvg-5h05,
DSDP607,*,41.0012,-32.9573,40.46044645,-32.58172075,40.20852187,-32.4138934,3427,,98.56,2.329453333,0.598,uk,,,Lawrence,2010,https://doi.org/10.1016/j.epsl.2010.10.013,https://doi.org/10.25921/phvg-5h05,
DSDP607,*,41.0012,-32.9573,40.46044645,-32.58172075,40.20852187,-32.4138934,3427,,98.71,2.332949655,0.639,uk,,,Lawrence,2010,https://doi.org/10.1016/j.epsl.2010.10.013,https://doi.org/10.25921/phvg-5h05,
DSDP607,*,41.0012,-32.9573,40.46044645,-32.58172075,40.20852187,-32.4138934,3427,,98.86,2.336518621,0.661,uk,,,Lawrence,2010,https://doi.org/10.1016/j.epsl.2010.10.013,https://doi.org/10.25921/phvg-5h05,
DSDP607,*,41.0012,-32.9573,40.46044645,-32.58172075,40.20852187,-32.4138934,3427,,99.01,2.339850526,0.697,uk,,,Lawrence,2010,https://doi.org/10.1016/j.epsl.2010.10.013,https://doi.org/10.25921/phvg-5h05,
DSDP607,*,41.0012,-32.9573,40.46044645,-32.58172075,40.20852187,-32.4138934,3427,,99.06,2.340842632,0.673,uk,,,Lawrence,2010,https://doi.org/10.1016/j.epsl.2010.10.013,https://doi.org/10.25921/phvg-5h05,
DSDP607,*,41.0012,-32.9573,40.46044645,-32.58172075,40.20852187,-32.4138934,3427,,99.16,2.342826842,0.703,uk,,,Lawrence,2010,https://doi.org/10.1016/j.epsl.2010.10.013,https://doi.org/10.25921/phvg-5h05,
DSDP607,*,41.0012,-32.9573,40.46044645,-32.58172075,40.20852187,-32.4138934,3427,,99.31,2.345803158,0.693,uk,,,Lawrence,2010,https://doi.org/10.1016/j.epsl.2010.10.013,https://doi.org/10.25921/phvg-5h05,
DSDP607,*,41.0012,-32.9573,40.46044645,-32.58172075,40.20852187,-32.4138934,3427,,99.46,2.348784118,0.691,uk,,,Lawrence,2010,https://doi.org/10.1016/j.epsl.2010.10.013,https://doi.org/10.25921/phvg-5h05,
DSDP607,*,41.0012,-32.9573,40.46044645,-32.58172075,40.20852187,-32.4138934,3427,,99.61,2.351765,0.671,uk,,,Lawrence,2010,https://doi.org/10.1016/j.epsl.2010.10.013,https://doi.org/10.25921/phvg-5h05,
DSDP607,*,41.0012,-32.9573,40.46044645,-32.58172075,40.20852187,-32.4138934,3427,,99.76,2.35474625,0.667,uk,,,Lawrence,2010,https://doi.org/10.1016/j.epsl.2010.10.013,https://doi.org/10.25921/phvg-5h05,
DSDP607,*,41.0012,-32.9573,40.46044645,-32.58172075,40.20852187,-32.4138934,3427,,99.91,2.357732857,0.662,uk,,,Lawrence,2010,https://doi.org/10.1016/j.epsl.2010.10.013,https://doi.org/10.25921/phvg-5h05,
DSDP607,*,41.0012,-32.9573,40.46044645,-32.58172075,40.20852187,-32.4138934,3427,,100.06,2.360710323,0.64,uk,,,Lawrence,2010,https://doi.org/10.1016/j.epsl.2010.10.013,https://doi.org/10.25921/phvg-5h05,
DSDP607,*,41.0012,-32.9573,40.46044645,-32.58172075,40.20852187,-32.4138934,3427,,100.21,2.363686129,0.63,uk,,,Lawrence,2010,https://doi.org/10.1016/j.epsl.2010.10.013,https://doi.org/10.25921/phvg-5h05,
DSDP607,*,41.0012,-32.9573,40.46044645,-32.58172075,40.20852187,-32.4138934,3427,,100.36,2.36662,0.612,uk,,,Lawrence,2010,https://doi.org/10.1016/j.epsl.2010.10.013,https://doi.org/10.25921/phvg-5h05,
DSDP607,*,41.0012,-32.9573,40.46044645,-32.58172075,40.20852187,-32.4138934,3427,,100.51,2.3696425,0.659,uk,,,Lawrence,2010,https://doi.org/10.1016/j.epsl.2010.10.013,https://doi.org/10.25921/phvg-5h05,
DSDP607,*,41.0012,-32.9573,40.46044645,-32.58172075,40.20852187,-32.4138934,3427,,100.66,2.372936818,0.683,uk,,,Lawrence,2010,https://doi.org/10.1016/j.epsl.2010.10.013,https://doi.org/10.25921/phvg-5h05,
DSDP607,*,41.0012,-32.9573,40.46044645,-32.58172075,40.20852187,-32.4138934,3427,,100.81,2.376257273,0.675,uk,,,Lawrence,2010,https://doi.org/10.1016/j.epsl.2010.10.013,https://doi.org/10.25921/phvg-5h05,
DSDP607,*,41.0012,-32.9573,40.46044645,-32.58172075,40.20852187,-32.4138934,3427,,100.96,2.379562941,0.656,uk,,,Lawrence,2010,https://doi.org/10.1016/j.epsl.2010.10.013,https://doi.org/10.25921/phvg-5h05,
DSDP607,*,41.0012,-32.9573,40.46044645,-32.58172075,40.20852187,-32.4138934,3427,,101.11,2.3828725,0.675,uk,,,Lawrence,2010,https://doi.org/10.1016/j.epsl.2010.10.013,https://doi.org/10.25921/phvg-5h05,
DSDP607,*,41.0012,-32.9573,40.46044645,-32.58172075,40.20852187,-32.4138934,3427,,101.26,2.38609375,0.673,uk,,,Lawrence,2010,https://doi.org/10.1016/j.epsl.2010.10.013,https://doi.org/10.25921/phvg-5h05,
DSDP607,*,41.0012,-32.9573,40.46044645,-32.58172075,40.20852187,-32.4138934,3427,,101.41,2.389035,0.674,uk,,,Lawrence,2010,https://doi.org/10.1016/j.epsl.2010.10.013,https://doi.org/10.25921/phvg-5h05,
DSDP607,*,41.0012,-32.9573,40.46044645,-32.58172075,40.20852187,-32.4138934,3427,,101.56,2.39169,0.674,uk,,,Lawrence,2010,https://doi.org/10.1016/j.epsl.2010.10.013,https://doi.org/10.25921/phvg-5h05,
DSDP607,*,41.0012,-32.9573,40.46044645,-32.58172075,40.20852187,-32.4138934,3427,,101.71,2.394329178,0.681,uk,,,Lawrence,2010,https://doi.org/10.1016/j.epsl.2010.10.013,https://doi.org/10.25921/phvg-5h05,
DSDP607,A,41.0012,-32.9573,40.46044645,-32.58172075,40.20852187,-32.4138934,3427,,102.39,2.40615,0.634,uk,,,Lawrence,2010,https://doi.org/10.1016/j.epsl.2010.10.013,https://doi.org/10.25921/phvg-5h05,
DSDP607,A,41.0012,-32.9573,40.46044645,-32.58172075,40.20852187,-32.4138934,3427,,102.54,2.408715714,0.621,uk,,,Lawrence,2010,https://doi.org/10.1016/j.epsl.2010.10.013,https://doi.org/10.25921/phvg-5h05,
DSDP607,A,41.0012,-32.9573,40.46044645,-32.58172075,40.20852187,-32.4138934,3427,,102.69,2.41128,0.71,uk,,,Lawrence,2010,https://doi.org/10.1016/j.epsl.2010.10.013,https://doi.org/10.25921/phvg-5h05,
DSDP607,A,41.0012,-32.9573,40.46044645,-32.58172075,40.20852187,-32.4138934,3427,,102.84,2.414035,0.719,uk,,,Lawrence,2010,https://doi.org/10.1016/j.epsl.2010.10.013,https://doi.org/10.25921/phvg-5h05,
DSDP607,A,41.0012,-32.9573,40.46044645,-32.58172075,40.20852187,-32.4138934,3427,,102.99,2.417124286,0.698,uk,,,Lawrence,2010,https://doi.org/10.1016/j.epsl.2010.10.013,https://doi.org/10.25921/phvg-5h05,
DSDP607,A,41.0012,-32.9573,40.46044645,-32.58172075,40.20852187,-32.4138934,3427,,103.14,2.420324,0.7235,uk,,,Lawrence,2010,https://doi.org/10.1016/j.epsl.2010.10.013,https://doi.org/10.25921/phvg-5h05,
DSDP607,*,41.0012,-32.9573,40.46044645,-32.58172075,40.20852187,-32.4138934,3427,,103.4,2.42591375,0.721333333,uk,,,Lawrence,2010,https://doi.org/10.1016/j.epsl.2010.10.013,https://doi.org/10.25921/phvg-5h05,
DSDP607,*,41.0012,-32.9573,40.46044645,-32.58172075,40.20852187,-32.4138934,3427,,103.54,2.428460909,0.656,uk,,,Lawrence,2010,https://doi.org/10.1016/j.epsl.2010.10.013,https://doi.org/10.25921/phvg-5h05,
DSDP607,*,41.0012,-32.9573,40.46044645,-32.58172075,40.20852187,-32.4138934,3427,,103.7,2.431224545,0.633,uk,,,Lawrence,2010,https://doi.org/10.1016/j.epsl.2010.10.013,https://doi.org/10.25921/phvg-5h05,
DSDP607,*,41.0012,-32.9573,40.46044645,-32.58172075,40.20852187,-32.4138934,3427,,103.85,2.43378,0.633,uk,,,Lawrence,2010,https://doi.org/10.1016/j.epsl.2010.10.013,https://doi.org/10.25921/phvg-5h05,
DSDP607,*,41.0012,-32.9573,40.46044645,-32.58172075,40.20852187,-32.4138934,3427,,104,2.43663,0.631,uk,,,Lawrence,2010,https://doi.org/10.1016/j.epsl.2010.10.013,https://doi.org/10.25921/phvg-5h05,
DSDP607,*,41.0012,-32.9573,40.46044645,-32.58172075,40.20852187,-32.4138934,3427,,104.15,2.4395,0.643,uk,,,Lawrence,2010,https://doi.org/10.1016/j.epsl.2010.10.013,https://doi.org/10.25921/phvg-5h05,
DSDP607,*,41.0012,-32.9573,40.46044645,-32.58172075,40.20852187,-32.4138934,3427,,104.3,2.4424,0.611,uk,,,Lawrence,2010,https://doi.org/10.1016/j.epsl.2010.10.013,https://doi.org/10.25921/phvg-5h05,
DSDP607,*,41.0012,-32.9573,40.46044645,-32.58172075,40.20852187,-32.4138934,3427,,104.45,2.44525,0.642,uk,,,Lawrence,2010,https://doi.org/10.1016/j.epsl.2010.10.013,https://doi.org/10.25921/phvg-5h05,
DSDP607,*,41.0012,-32.9573,40.46044645,-32.58172075,40.20852187,-32.4138934,3427,,104.6,2.448027586,0.61,uk,,,Lawrence,2010,https://doi.org/10.1016/j.epsl.2010.10.013,https://doi.org/10.25921/phvg-5h05,
DSDP607,*,41.0012,-32.9573,40.46044645,-32.58172075,40.20852187,-32.4138934,3427,,104.64,2.448769655,0.592,uk,,,Lawrence,2010,https://doi.org/10.1016/j.epsl.2010.10.013,https://doi.org/10.25921/phvg-5h05,
DSDP607,*,41.0012,-32.9573,40.46044645,-32.58172075,40.20852187,-32.4138934,3427,,104.75,2.450810345,0.616,uk,,,Lawrence,2010,https://doi.org/10.1016/j.epsl.2010.10.013,https://doi.org/10.25921/phvg-5h05,
DSDP607,*,41.0012,-32.9573,40.46044645,-32.58172075,40.20852187,-32.4138934,3427,,104.9,2.453888421,0.658,uk,,,Lawrence,2010,https://doi.org/10.1016/j.epsl.2010.10.013,https://doi.org/10.25921/phvg-5h05,
DSDP607,*,41.0012,-32.9573,40.46044645,-32.58172075,40.20852187,-32.4138934,3427,,105.05,2.457409474,0.6925,uk,,,Lawrence,2010,https://doi.org/10.1016/j.epsl.2010.10.013,https://doi.org/10.25921/phvg-5h05,
DSDP607,*,41.0012,-32.9573,40.46044645,-32.58172075,40.20852187,-32.4138934,3427,,105.2,2.460930526,0.6975,uk,,,Lawrence,2010,https://doi.org/10.1016/j.epsl.2010.10.013,https://doi.org/10.25921/phvg-5h05,
DSDP607,*,41.0012,-32.9573,40.46044645,-32.58172075,40.20852187,-32.4138934,3427,,105.35,2.465123333,0.7105,uk,,,Lawrence,2010,https://doi.org/10.1016/j.epsl.2010.10.013,https://doi.org/10.25921/phvg-5h05,
DSDP607,*,41.0012,-32.9573,40.46044645,-32.58172075,40.20852187,-32.4138934,3427,,105.5,2.469003333,0.6945,uk,,,Lawrence,2010,https://doi.org/10.1016/j.epsl.2010.10.013,https://doi.org/10.25921/phvg-5h05,
DSDP607,*,41.0012,-32.9573,40.46044645,-32.58172075,40.20852187,-32.4138934,3427,,105.8,2.476623571,0.6485,uk,,,Lawrence,2010,https://doi.org/10.1016/j.epsl.2010.10.013,https://doi.org/10.25921/phvg-5h05,
DSDP607,*,41.0012,-32.9573,40.46044645,-32.58172075,40.20852187,-32.4138934,3427,,105.95,2.4798475,0.65,uk,,,Lawrence,2010,https://doi.org/10.1016/j.epsl.2010.10.013,https://doi.org/10.25921/phvg-5h05,
DSDP607,*,41.0012,-32.9573,40.46044645,-32.58172075,40.20852187,-32.4138934,3427,,106.1,2.482717143,0.541,uk,,,Lawrence,2010,https://doi.org/10.1016/j.epsl.2010.10.013,https://doi.org/10.25921/phvg-5h05,
DSDP607,*,41.0012,-32.9573,40.46044645,-32.58172075,40.20852187,-32.4138934,3427,,106.25,2.485585806,0.624,uk,,,Lawrence,2010,https://doi.org/10.1016/j.epsl.2010.10.013,https://doi.org/10.25921/phvg-5h05,
DSDP607,*,41.0012,-32.9573,40.46044645,-32.58172075,40.20852187,-32.4138934,3427,,106.4,2.488450323,0.669,uk,,,Lawrence,2010,https://doi.org/10.1016/j.epsl.2010.10.013,https://doi.org/10.25921/phvg-5h05,
DSDP607,*,41.0012,-32.9573,40.46044645,-32.58172075,40.20852187,-32.4138934,3427,,106.55,2.49131,0.62,uk,,,Lawrence,2010,https://doi.org/10.1016/j.epsl.2010.10.013,https://doi.org/10.25921/phvg-5h05,
DSDP607,*,41.0012,-32.9573,40.46044645,-32.58172075,40.20852187,-32.4138934,3427,,106.7,2.49416,0.64,uk,,,Lawrence,2010,https://doi.org/10.1016/j.epsl.2010.10.013,https://doi.org/10.25921/phvg-5h05,
DSDP607,*,41.0012,-32.9573,40.46044645,-32.58172075,40.20852187,-32.4138934,3427,,106.85,2.49705,0.678,uk,,,Lawrence,2010,https://doi.org/10.1016/j.epsl.2010.10.013,https://doi.org/10.25921/phvg-5h05,
DSDP607,*,41.0012,-32.9573,40.46044645,-32.58172075,40.20852187,-32.4138934,3427,,107,2.50005,0.699,uk,,,Lawrence,2010,https://doi.org/10.1016/j.epsl.2010.10.013,https://doi.org/10.25921/phvg-5h05,
DSDP607,*,41.0012,-32.9573,40.46044645,-32.58172075,40.20852187,-32.4138934,3427,,107.13,2.502852941,0.678,uk,,,Lawrence,2010,https://doi.org/10.1016/j.epsl.2010.10.013,https://doi.org/10.25921/phvg-5h05,
DSDP607,*,41.0012,-32.9573,40.46044645,-32.58172075,40.20852187,-32.4138934,3427,,107.3,2.507232857,0.675,uk,,,Lawrence,2010,https://doi.org/10.1016/j.epsl.2010.10.013,https://doi.org/10.25921/phvg-5h05,
DSDP607,*,41.0012,-32.9573,40.46044645,-32.58172075,40.20852187,-32.4138934,3427,,107.46,2.51181,0.508,uk,,,Lawrence,2010,https://doi.org/10.1016/j.epsl.2010.10.013,https://doi.org/10.25921/phvg-5h05,
DSDP607,*,41.0012,-32.9573,40.46044645,-32.58172075,40.20852187,-32.4138934,3427,,107.58,2.51505,0.589,uk,,,Lawrence,2010,https://doi.org/10.1016/j.epsl.2010.10.013,https://doi.org/10.25921/phvg-5h05,
DSDP607,*,41.0012,-32.9573,40.46044645,-32.58172075,40.20852187,-32.4138934,3427,,107.75,2.519324,0.549,uk,,,Lawrence,2010,https://doi.org/10.1016/j.epsl.2010.10.013,https://doi.org/10.25921/phvg-5h05,
DSDP607,*,41.0012,-32.9573,40.46044645,-32.58172075,40.20852187,-32.4138934,3427,,107.9,2.522424615,0.556,uk,,,Lawrence,2010,https://doi.org/10.1016/j.epsl.2010.10.013,https://doi.org/10.25921/phvg-5h05,
DSDP607,*,41.0012,-32.9573,40.46044645,-32.58172075,40.20852187,-32.4138934,3427,,108.05,2.5253888,0.554,uk,,,Lawrence,2010,https://doi.org/10.1016/j.epsl.2010.10.013,https://doi.org/10.25921/phvg-5h05,
DSDP607,*,41.0012,-32.9573,40.46044645,-32.58172075,40.20852187,-32.4138934,3427,,108.2,2.5284428,0.587,uk,,,Lawrence,2010,https://doi.org/10.1016/j.epsl.2010.10.013,https://doi.org/10.25921/phvg-5h05,
DSDP607,*,41.0012,-32.9573,40.46044645,-32.58172075,40.20852187,-32.4138934,3427,,108.36,2.532525294,0.66,uk,,,Lawrence,2010,https://doi.org/10.1016/j.epsl.2010.10.013,https://doi.org/10.25921/phvg-5h05,
DSDP607,*,41.0012,-32.9573,40.46044645,-32.58172075,40.20852187,-32.4138934,3427,,108.5,2.536715455,0.638,uk,,,Lawrence,2010,https://doi.org/10.1016/j.epsl.2010.10.013,https://doi.org/10.25921/phvg-5h05,
DSDP607,*,41.0012,-32.9573,40.46044645,-32.58172075,40.20852187,-32.4138934,3427,,108.65,2.541400588,0.688,uk,,,Lawrence,2010,https://doi.org/10.1016/j.epsl.2010.10.013,https://doi.org/10.25921/phvg-5h05,
DSDP607,*,41.0012,-32.9573,40.46044645,-32.58172075,40.20852187,-32.4138934,3427,,108.8,2.546097045,0.715,uk,,,Lawrence,2010,https://doi.org/10.1016/j.epsl.2010.10.013,https://doi.org/10.25921/phvg-5h05,
DSDP607,*,41.0012,-32.9573,40.46044645,-32.58172075,40.20852187,-32.4138934,3427,,108.95,2.550798182,0.738,uk,,,Lawrence,2010,https://doi.org/10.1016/j.epsl.2010.10.013,https://doi.org/10.25921/phvg-5h05,
DSDP607,*,41.0012,-32.9573,40.46044645,-32.58172075,40.20852187,-32.4138934,3427,,109.1,2.555499318,0.723,uk,,,Lawrence,2010,https://doi.org/10.1016/j.epsl.2010.10.013,https://doi.org/10.25921/phvg-5h05,
DSDP607,*,41.0012,-32.9573,40.46044645,-32.58172075,40.20852187,-32.4138934,3427,,109.4,2.56344129,0.704,uk,,,Lawrence,2010,https://doi.org/10.1016/j.epsl.2010.10.013,https://doi.org/10.25921/phvg-5h05,
DSDP607,*,41.0012,-32.9573,40.46044645,-32.58172075,40.20852187,-32.4138934,3427,,109.44,2.564416774,0.712,uk,,,Lawrence,2010,https://doi.org/10.1016/j.epsl.2010.10.013,https://doi.org/10.25921/phvg-5h05,
DSDP607,*,41.0012,-32.9573,40.46044645,-32.58172075,40.20852187,-32.4138934,3427,,109.55,2.566848182,0.725,uk,,,Lawrence,2010,https://doi.org/10.1016/j.epsl.2010.10.013,https://doi.org/10.25921/phvg-5h05,
DSDP607,*,41.0012,-32.9573,40.46044645,-32.58172075,40.20852187,-32.4138934,3427,,109.7,2.569752727,0.707,uk,,,Lawrence,2010,https://doi.org/10.1016/j.epsl.2010.10.013,https://doi.org/10.25921/phvg-5h05,
DSDP607,*,41.0012,-32.9573,40.46044645,-32.58172075,40.20852187,-32.4138934,3427,,109.85,2.572657647,0.67,uk,,,Lawrence,2010,https://doi.org/10.1016/j.epsl.2010.10.013,https://doi.org/10.25921/phvg-5h05,
DSDP607,*,41.0012,-32.9573,40.46044645,-32.58172075,40.20852187,-32.4138934,3427,,110,2.57556,0.689,uk,,,Lawrence,2010,https://doi.org/10.1016/j.epsl.2010.10.013,https://doi.org/10.25921/phvg-5h05,
DSDP607,*,41.0012,-32.9573,40.46044645,-32.58172075,40.20852187,-32.4138934,3427,,110.15,2.5784625,0.7175,uk,,,Lawrence,2010,https://doi.org/10.1016/j.epsl.2010.10.013,https://doi.org/10.25921/phvg-5h05,
DSDP607,*,41.0012,-32.9573,40.46044645,-32.58172075,40.20852187,-32.4138934,3427,,110.3,2.58137,0.688,uk,,,Lawrence,2010,https://doi.org/10.1016/j.epsl.2010.10.013,https://doi.org/10.25921/phvg-5h05,
DSDP607,*,41.0012,-32.9573,40.46044645,-32.58172075,40.20852187,-32.4138934,3427,,110.45,2.58428,0.67,uk,,,Lawrence,2010,https://doi.org/10.1016/j.epsl.2010.10.013,https://doi.org/10.25921/phvg-5h05,
DSDP607,*,41.0012,-32.9573,40.46044645,-32.58172075,40.20852187,-32.4138934,3427,,110.6,2.587162857,0.705,uk,,,Lawrence,2010,https://doi.org/10.1016/j.epsl.2010.10.013,https://doi.org/10.25921/phvg-5h05,
DSDP607,*,41.0012,-32.9573,40.46044645,-32.58172075,40.20852187,-32.4138934,3427,,110.75,2.5899,0.734,uk,,,Lawrence,2010,https://doi.org/10.1016/j.epsl.2010.10.013,https://doi.org/10.25921/phvg-5h05,
DSDP607,*,41.0012,-32.9573,40.46044645,-32.58172075,40.20852187,-32.4138934,3427,,110.9,2.5925025,0.714,uk,,,Lawrence,2010,https://doi.org/10.1016/j.epsl.2010.10.013,https://doi.org/10.25921/phvg-5h05,
DSDP607,*,41.0012,-32.9573,40.46044645,-32.58172075,40.20852187,-32.4138934,3427,,111.05,2.595110455,0.664,uk,,,Lawrence,2010,https://doi.org/10.1016/j.epsl.2010.10.013,https://doi.org/10.25921/phvg-5h05,
DSDP607,*,41.0012,-32.9573,40.46044645,-32.58172075,40.20852187,-32.4138934,3427,,111.2,2.597721818,0.666,uk,,,Lawrence,2010,https://doi.org/10.1016/j.epsl.2010.10.013,https://doi.org/10.25921/phvg-5h05,
DSDP607,*,41.0012,-32.9573,40.46044645,-32.58172075,40.20852187,-32.4138934,3427,,111.35,2.600493529,0.553,uk,,,Lawrence,2010,https://doi.org/10.1016/j.epsl.2010.10.013,https://doi.org/10.25921/phvg-5h05,
DSDP607,*,41.0012,-32.9573,40.46044645,-32.58172075,40.20852187,-32.4138934,3427,,111.5,2.603605,0.63,uk,,,Lawrence,2010,https://doi.org/10.1016/j.epsl.2010.10.013,https://doi.org/10.25921/phvg-5h05,
DSDP607,*,41.0012,-32.9573,40.46044645,-32.58172075,40.20852187,-32.4138934,3427,,111.65,2.606875,0.596,uk,,,Lawrence,2010,https://doi.org/10.1016/j.epsl.2010.10.013,https://doi.org/10.25921/phvg-5h05,
DSDP607,*,41.0012,-32.9573,40.46044645,-32.58172075,40.20852187,-32.4138934,3427,,111.81,2.610378571,0.612,uk,,,Lawrence,2010,https://doi.org/10.1016/j.epsl.2010.10.013,https://doi.org/10.25921/phvg-5h05,
DSDP607,*,41.0012,-32.9573,40.46044645,-32.58172075,40.20852187,-32.4138934,3427,,111.95,2.6137775,0.681,uk,,,Lawrence,2010,https://doi.org/10.1016/j.epsl.2010.10.013,https://doi.org/10.25921/phvg-5h05,
DSDP607,*,41.0012,-32.9573,40.46044645,-32.58172075,40.20852187,-32.4138934,3427,,112.1,2.617855,0.674,uk,,,Lawrence,2010,https://doi.org/10.1016/j.epsl.2010.10.013,https://doi.org/10.25921/phvg-5h05,
DSDP607,*,41.0012,-32.9573,40.46044645,-32.58172075,40.20852187,-32.4138934,3427,,112.26,2.622224286,0.6875,uk,,,Lawrence,2010,https://doi.org/10.1016/j.epsl.2010.10.013,https://doi.org/10.25921/phvg-5h05,
DSDP607,A,41.0012,-32.9573,40.46044645,-32.58172075,40.20852187,-32.4138934,3427,,112.31,2.623595714,0.668,uk,,,Lawrence,2010,https://doi.org/10.1016/j.epsl.2010.10.013,https://doi.org/10.25921/phvg-5h05,
DSDP607,A,41.0012,-32.9573,40.46044645,-32.58172075,40.20852187,-32.4138934,3427,,112.46,2.627708824,0.711,uk,,,Lawrence,2010,https://doi.org/10.1016/j.epsl.2010.10.013,https://doi.org/10.25921/phvg-5h05,
DSDP607,A,41.0012,-32.9573,40.46044645,-32.58172075,40.20852187,-32.4138934,3427,,112.61,2.631815385,0.694,uk,,,Lawrence,2010,https://doi.org/10.1016/j.epsl.2010.10.013,https://doi.org/10.25921/phvg-5h05,
DSDP607,A,41.0012,-32.9573,40.46044645,-32.58172075,40.20852187,-32.4138934,3427,,112.76,2.635774706,0.693,uk,,,Lawrence,2010,https://doi.org/10.1016/j.epsl.2010.10.013,https://doi.org/10.25921/phvg-5h05,
DSDP607,A,41.0012,-32.9573,40.46044645,-32.58172075,40.20852187,-32.4138934,3427,,112.91,2.639406429,0.669,uk,,,Lawrence,2010,https://doi.org/10.1016/j.epsl.2010.10.013,https://doi.org/10.25921/phvg-5h05,
DSDP607,A,41.0012,-32.9573,40.46044645,-32.58172075,40.20852187,-32.4138934,3427,,113.06,2.64269625,0.665,uk,,,Lawrence,2010,https://doi.org/10.1016/j.epsl.2010.10.013,https://doi.org/10.25921/phvg-5h05,
DSDP607,A,41.0012,-32.9573,40.46044645,-32.58172075,40.20852187,-32.4138934,3427,,113.21,2.646121034,0.642,uk,,,Lawrence,2010,https://doi.org/10.1016/j.epsl.2010.10.013,https://doi.org/10.25921/phvg-5h05,
DSDP607,A,41.0012,-32.9573,40.46044645,-32.58172075,40.20852187,-32.4138934,3427,,113.36,2.649814138,0.68,uk,,,Lawrence,2010,https://doi.org/10.1016/j.epsl.2010.10.013,https://doi.org/10.25921/phvg-5h05,
DSDP607,A,41.0012,-32.9573,40.46044645,-32.58172075,40.20852187,-32.4138934,3427,,113.51,2.653731429,0.695,uk,,,Lawrence,2010,https://doi.org/10.1016/j.epsl.2010.10.013,https://doi.org/10.25921/phvg-5h05,
DSDP607,A,41.0012,-32.9573,40.46044645,-32.58172075,40.20852187,-32.4138934,3427,,113.66,2.65798625,0.694,uk,,,Lawrence,2010,https://doi.org/10.1016/j.epsl.2010.10.013,https://doi.org/10.25921/phvg-5h05,
DSDP607,A,41.0012,-32.9573,40.46044645,-32.58172075,40.20852187,-32.4138934,3427,,113.81,2.662243182,0.726,uk,,,Lawrence,2010,https://doi.org/10.1016/j.epsl.2010.10.013,https://doi.org/10.25921/phvg-5h05,
DSDP607,*,41.0012,-32.9573,40.46044645,-32.58172075,40.20852187,-32.4138934,3427,,114.13,2.671326818,0.738,uk,,,Lawrence,2010,https://doi.org/10.1016/j.epsl.2010.10.013,https://doi.org/10.25921/phvg-5h05,
DSDP607,*,41.0012,-32.9573,40.46044645,-32.58172075,40.20852187,-32.4138934,3427,,114.25,2.674731429,0.723,uk,,,Lawrence,2010,https://doi.org/10.1016/j.epsl.2010.10.013,https://doi.org/10.25921/phvg-5h05,
DSDP607,*,41.0012,-32.9573,40.46044645,-32.58172075,40.20852187,-32.4138934,3427,,114.39,2.678585161,0.717,uk,,,Lawrence,2010,https://doi.org/10.1016/j.epsl.2010.10.013,https://doi.org/10.25921/phvg-5h05,
DSDP607,*,41.0012,-32.9573,40.46044645,-32.58172075,40.20852187,-32.4138934,3427,,114.54,2.682548065,0.706,uk,,,Lawrence,2010,https://doi.org/10.1016/j.epsl.2010.10.013,https://doi.org/10.25921/phvg-5h05,
DSDP607,*,41.0012,-32.9573,40.46044645,-32.58172075,40.20852187,-32.4138934,3427,,114.7,2.686231429,0.6955,uk,,,Lawrence,2010,https://doi.org/10.1016/j.epsl.2010.10.013,https://doi.org/10.25921/phvg-5h05,
DSDP607,*,41.0012,-32.9573,40.46044645,-32.58172075,40.20852187,-32.4138934,3427,,114.73,2.686752143,0.648,uk,,,Lawrence,2010,https://doi.org/10.1016/j.epsl.2010.10.013,https://doi.org/10.25921/phvg-5h05,
DSDP607,*,41.0012,-32.9573,40.46044645,-32.58172075,40.20852187,-32.4138934,3427,,114.84,2.68866,0.639,uk,,,Lawrence,2010,https://doi.org/10.1016/j.epsl.2010.10.013,https://doi.org/10.25921/phvg-5h05,
DSDP607,*,41.0012,-32.9573,40.46044645,-32.58172075,40.20852187,-32.4138934,3427,,114.99,2.69126,0.653,uk,,,Lawrence,2010,https://doi.org/10.1016/j.epsl.2010.10.013,https://doi.org/10.25921/phvg-5h05,
DSDP607,*,41.0012,-32.9573,40.46044645,-32.58172075,40.20852187,-32.4138934,3427,,115.14,2.693863478,0.672,uk,,,Lawrence,2010,https://doi.org/10.1016/j.epsl.2010.10.013,https://doi.org/10.25921/phvg-5h05,
DSDP607,*,41.0012,-32.9573,40.46044645,-32.58172075,40.20852187,-32.4138934,3427,,115.29,2.696472174,0.669,uk,,,Lawrence,2010,https://doi.org/10.1016/j.epsl.2010.10.013,https://doi.org/10.25921/phvg-5h05,
DSDP607,*,41.0012,-32.9573,40.46044645,-32.58172075,40.20852187,-32.4138934,3427,,115.44,2.6994668,0.67,uk,,,Lawrence,2010,https://doi.org/10.1016/j.epsl.2010.10.013,https://doi.org/10.25921/phvg-5h05,
DSDP607,*,41.0012,-32.9573,40.46044645,-32.58172075,40.20852187,-32.4138934,3427,,115.59,2.702563077,0.644,uk,,,Lawrence,2010,https://doi.org/10.1016/j.epsl.2010.10.013,https://doi.org/10.25921/phvg-5h05,
DSDP607,*,41.0012,-32.9573,40.46044645,-32.58172075,40.20852187,-32.4138934,3427,,115.74,2.705822143,0.65,uk,,,Lawrence,2010,https://doi.org/10.1016/j.epsl.2010.10.013,https://doi.org/10.25921/phvg-5h05,
DSDP607,*,41.0012,-32.9573,40.46044645,-32.58172075,40.20852187,-32.4138934,3427,,115.89,2.709060968,0.633,uk,,,Lawrence,2010,https://doi.org/10.1016/j.epsl.2010.10.013,https://doi.org/10.25921/phvg-5h05,
DSDP607,*,41.0012,-32.9573,40.46044645,-32.58172075,40.20852187,-32.4138934,3427,,116.04,2.712288387,0.604,uk,,,Lawrence,2010,https://doi.org/10.1016/j.epsl.2010.10.013,https://doi.org/10.25921/phvg-5h05,
DSDP607,*,41.0012,-32.9573,40.46044645,-32.58172075,40.20852187,-32.4138934,3427,,116.19,2.7155,0.585,uk,,,Lawrence,2010,https://doi.org/10.1016/j.epsl.2010.10.013,https://doi.org/10.25921/phvg-5h05,
DSDP607,*,41.0012,-32.9573,40.46044645,-32.58172075,40.20852187,-32.4138934,3427,,116.34,2.71868,0.613,uk,,,Lawrence,2010,https://doi.org/10.1016/j.epsl.2010.10.013,https://doi.org/10.25921/phvg-5h05,
DSDP607,*,41.0012,-32.9573,40.46044645,-32.58172075,40.20852187,-32.4138934,3427,,116.49,2.722135714,0.629,uk,,,Lawrence,2010,https://doi.org/10.1016/j.epsl.2010.10.013,https://doi.org/10.25921/phvg-5h05,
DSDP607,*,41.0012,-32.9573,40.46044645,-32.58172075,40.20852187,-32.4138934,3427,,116.64,2.72628,0.637,uk,,,Lawrence,2010,https://doi.org/10.1016/j.epsl.2010.10.013,https://doi.org/10.25921/phvg-5h05,
DSDP607,*,41.0012,-32.9573,40.46044645,-32.58172075,40.20852187,-32.4138934,3427,,116.79,2.73063,0.64,uk,,,Lawrence,2010,https://doi.org/10.1016/j.epsl.2010.10.013,https://doi.org/10.25921/phvg-5h05,
DSDP607,*,41.0012,-32.9573,40.46044645,-32.58172075,40.20852187,-32.4138934,3427,,116.94,2.735138824,0.642,uk,,,Lawrence,2010,https://doi.org/10.1016/j.epsl.2010.10.013,https://doi.org/10.25921/phvg-5h05,
DSDP607,*,41.0012,-32.9573,40.46044645,-32.58172075,40.20852187,-32.4138934,3427,,117.09,2.740121538,0.678,uk,,,Lawrence,2010,https://doi.org/10.1016/j.epsl.2010.10.013,https://doi.org/10.25921/phvg-5h05,
DSDP607,*,41.0012,-32.9573,40.46044645,-32.58172075,40.20852187,-32.4138934,3427,,117.24,2.745920714,0.711,uk,,,Lawrence,2010,https://doi.org/10.1016/j.epsl.2010.10.013,https://doi.org/10.25921/phvg-5h05,
DSDP607,*,41.0012,-32.9573,40.46044645,-32.58172075,40.20852187,-32.4138934,3427,,117.39,2.7521,0.741,uk,,,Lawrence,2010,https://doi.org/10.1016/j.epsl.2010.10.013,https://doi.org/10.25921/phvg-5h05,
DSDP607,*,41.0012,-32.9573,40.46044645,-32.58172075,40.20852187,-32.4138934,3427,,117.54,2.758036364,0.739,uk,,,Lawrence,2010,https://doi.org/10.1016/j.epsl.2010.10.013,https://doi.org/10.25921/phvg-5h05,
DSDP607,*,41.0012,-32.9573,40.46044645,-32.58172075,40.20852187,-32.4138934,3427,,117.69,2.763813636,0.732,uk,,,Lawrence,2010,https://doi.org/10.1016/j.epsl.2010.10.013,https://doi.org/10.25921/phvg-5h05,
DSDP607,*,41.0012,-32.9573,40.46044645,-32.58172075,40.20852187,-32.4138934,3427,,117.84,2.7692075,0.725,uk,,,Lawrence,2010,https://doi.org/10.1016/j.epsl.2010.10.013,https://doi.org/10.25921/phvg-5h05,
DSDP607,*,41.0012,-32.9573,40.46044645,-32.58172075,40.20852187,-32.4138934,3427,,117.99,2.77347,0.752,uk,,,Lawrence,2010,https://doi.org/10.1016/j.epsl.2010.10.013,https://doi.org/10.25921/phvg-5h05,
DSDP607,*,41.0012,-32.9573,40.46044645,-32.58172075,40.20852187,-32.4138934,3427,,118.14,2.77656,0.738,uk,,,Lawrence,2010,https://doi.org/10.1016/j.epsl.2010.10.013,https://doi.org/10.25921/phvg-5h05,
DSDP607,*,41.0012,-32.9573,40.46044645,-32.58172075,40.20852187,-32.4138934,3427,,118.29,2.77956,0.749,uk,,,Lawrence,2010,https://doi.org/10.1016/j.epsl.2010.10.013,https://doi.org/10.25921/phvg-5h05,
DSDP607,*,41.0012,-32.9573,40.46044645,-32.58172075,40.20852187,-32.4138934,3427,,118.44,2.782904,0.762,uk,,,Lawrence,2010,https://doi.org/10.1016/j.epsl.2010.10.013,https://doi.org/10.25921/phvg-5h05,
DSDP607,*,41.0012,-32.9573,40.46044645,-32.58172075,40.20852187,-32.4138934,3427,,118.59,2.786482308,0.731,uk,,,Lawrence,2010,https://doi.org/10.1016/j.epsl.2010.10.013,https://doi.org/10.25921/phvg-5h05,
DSDP607,*,41.0012,-32.9573,40.46044645,-32.58172075,40.20852187,-32.4138934,3427,,118.74,2.789793571,0.75,uk,,,Lawrence,2010,https://doi.org/10.1016/j.epsl.2010.10.013,https://doi.org/10.25921/phvg-5h05,
DSDP607,*,41.0012,-32.9573,40.46044645,-32.58172075,40.20852187,-32.4138934,3427,,118.89,2.7931,0.77,uk,,,Lawrence,2010,https://doi.org/10.1016/j.epsl.2010.10.013,https://doi.org/10.25921/phvg-5h05,
DSDP607,*,41.0012,-32.9573,40.46044645,-32.58172075,40.20852187,-32.4138934,3427,,119.04,2.7964,0.751,uk,,,Lawrence,2010,https://doi.org/10.1016/j.epsl.2010.10.013,https://doi.org/10.25921/phvg-5h05,
DSDP607,*,41.0012,-32.9573,40.46044645,-32.58172075,40.20852187,-32.4138934,3427,,119.19,2.799678571,0.748,uk,,,Lawrence,2010,https://doi.org/10.1016/j.epsl.2010.10.013,https://doi.org/10.25921/phvg-5h05,
DSDP607,*,41.0012,-32.9573,40.46044645,-32.58172075,40.20852187,-32.4138934,3427,,119.34,2.8026775,0.707,uk,,,Lawrence,2010,https://doi.org/10.1016/j.epsl.2010.10.013,https://doi.org/10.25921/phvg-5h05,
DSDP607,*,41.0012,-32.9573,40.46044645,-32.58172075,40.20852187,-32.4138934,3427,,119.49,2.805318571,0.706,uk,,,Lawrence,2010,https://doi.org/10.1016/j.epsl.2010.10.013,https://doi.org/10.25921/phvg-5h05,
DSDP607,*,41.0012,-32.9573,40.46044645,-32.58172075,40.20852187,-32.4138934,3427,,119.64,2.80830087,0.702,uk,,,Lawrence,2010,https://doi.org/10.1016/j.epsl.2010.10.013,https://doi.org/10.25921/phvg-5h05,
DSDP607,*,41.0012,-32.9573,40.46044645,-32.58172075,40.20852187,-32.4138934,3427,,119.79,2.811803043,0.7055,uk,,,Lawrence,2010,https://doi.org/10.1016/j.epsl.2010.10.013,https://doi.org/10.25921/phvg-5h05,
DSDP607,*,41.0012,-32.9573,40.46044645,-32.58172075,40.20852187,-32.4138934,3427,,119.94,2.815721765,0.708,uk,,,Lawrence,2010,https://doi.org/10.1016/j.epsl.2010.10.013,https://doi.org/10.25921/phvg-5h05,
DSDP607,*,41.0012,-32.9573,40.46044645,-32.58172075,40.20852187,-32.4138934,3427,,120.09,2.819437692,0.715,uk,,,Lawrence,2010,https://doi.org/10.1016/j.epsl.2010.10.013,https://doi.org/10.25921/phvg-5h05,
DSDP607,*,41.0012,-32.9573,40.46044645,-32.58172075,40.20852187,-32.4138934,3427,,120.24,2.823062759,0.75,uk,,,Lawrence,2010,https://doi.org/10.1016/j.epsl.2010.10.013,https://doi.org/10.25921/phvg-5h05,
DSDP607,*,41.0012,-32.9573,40.46044645,-32.58172075,40.20852187,-32.4138934,3427,,120.39,2.827061034,0.768,uk,,,Lawrence,2010,https://doi.org/10.1016/j.epsl.2010.10.013,https://doi.org/10.25921/phvg-5h05,
DSDP607,*,41.0012,-32.9573,40.46044645,-32.58172075,40.20852187,-32.4138934,3427,,120.54,2.83129,0.779,uk,,,Lawrence,2010,https://doi.org/10.1016/j.epsl.2010.10.013,https://doi.org/10.25921/phvg-5h05,
DSDP607,*,41.0012,-32.9573,40.46044645,-32.58172075,40.20852187,-32.4138934,3427,,120.69,2.835861429,0.777,uk,,,Lawrence,2010,https://doi.org/10.1016/j.epsl.2010.10.013,https://doi.org/10.25921/phvg-5h05,
DSDP607,*,41.0012,-32.9573,40.46044645,-32.58172075,40.20852187,-32.4138934,3427,,120.84,2.840425714,0.761,uk,,,Lawrence,2010,https://doi.org/10.1016/j.epsl.2010.10.013,https://doi.org/10.25921/phvg-5h05,
DSDP607,*,41.0012,-32.9573,40.46044645,-32.58172075,40.20852187,-32.4138934,3427,,120.99,2.84499,0.728,uk,,,Lawrence,2010,https://doi.org/10.1016/j.epsl.2010.10.013,https://doi.org/10.25921/phvg-5h05,
DSDP607,*,41.0012,-32.9573,40.46044645,-32.58172075,40.20852187,-32.4138934,3427,,121.14,2.8495552,0.715,uk,,,Lawrence,2010,https://doi.org/10.1016/j.epsl.2010.10.013,https://doi.org/10.25921/phvg-5h05,
DSDP607,*,41.0012,-32.9573,40.46044645,-32.58172075,40.20852187,-32.4138934,3427,,121.29,2.8541212,0.71,uk,,,Lawrence,2010,https://doi.org/10.1016/j.epsl.2010.10.013,https://doi.org/10.25921/phvg-5h05,
DSDP607,*,41.0012,-32.9573,40.46044645,-32.58172075,40.20852187,-32.4138934,3427,,121.44,2.858587647,0.711,uk,,,Lawrence,2010,https://doi.org/10.1016/j.epsl.2010.10.013,https://doi.org/10.25921/phvg-5h05,
DSDP607,*,41.0012,-32.9573,40.46044645,-32.58172075,40.20852187,-32.4138934,3427,,121.59,2.862823077,0.7075,uk,,,Lawrence,2010,https://doi.org/10.1016/j.epsl.2010.10.013,https://doi.org/10.25921/phvg-5h05,
DSDP607,*,41.0012,-32.9573,40.46044645,-32.58172075,40.20852187,-32.4138934,3427,,121.74,2.866739286,0.706,uk,,,Lawrence,2010,https://doi.org/10.1016/j.epsl.2010.10.013,https://doi.org/10.25921/phvg-5h05,
DSDP607,*,41.0012,-32.9573,40.46044645,-32.58172075,40.20852187,-32.4138934,3427,,121.89,2.87013,0.7135,uk,,,Lawrence,2010,https://doi.org/10.1016/j.epsl.2010.10.013,https://doi.org/10.25921/phvg-5h05,
DSDP607,*,41.0012,-32.9573,40.46044645,-32.58172075,40.20852187,-32.4138934,3427,,122.04,2.87344875,0.737,uk,,,Lawrence,2010,https://doi.org/10.1016/j.epsl.2010.10.013,https://doi.org/10.25921/phvg-5h05,
DSDP607,*,41.0012,-32.9573,40.46044645,-32.58172075,40.20852187,-32.4138934,3427,,122.19,2.876648333,0.723,uk,,,Lawrence,2010,https://doi.org/10.1016/j.epsl.2010.10.013,https://doi.org/10.25921/phvg-5h05,
DSDP607,*,41.0012,-32.9573,40.46044645,-32.58172075,40.20852187,-32.4138934,3427,,122.34,2.879703333,0.714,uk,,,Lawrence,2010,https://doi.org/10.1016/j.epsl.2010.10.013,https://doi.org/10.25921/phvg-5h05,
DSDP607,*,41.0012,-32.9573,40.46044645,-32.58172075,40.20852187,-32.4138934,3427,,122.49,2.882731803,0.705,uk,,,Lawrence,2010,https://doi.org/10.1016/j.epsl.2010.10.013,https://doi.org/10.25921/phvg-5h05,
DSDP607,*,41.0012,-32.9573,40.46044645,-32.58172075,40.20852187,-32.4138934,3427,,123.1,2.894421818,0.685,uk,,,Lawrence,2010,https://doi.org/10.1016/j.epsl.2010.10.013,https://doi.org/10.25921/phvg-5h05,
DSDP607,*,41.0012,-32.9573,40.46044645,-32.58172075,40.20852187,-32.4138934,3427,,123.25,2.897166667,0.707,uk,,,Lawrence,2010,https://doi.org/10.1016/j.epsl.2010.10.013,https://doi.org/10.25921/phvg-5h05,
DSDP607,*,41.0012,-32.9573,40.46044645,-32.58172075,40.20852187,-32.4138934,3427,,123.4,2.899985909,0.705,uk,,,Lawrence,2010,https://doi.org/10.1016/j.epsl.2010.10.013,https://doi.org/10.25921/phvg-5h05,
DSDP607,*,41.0012,-32.9573,40.46044645,-32.58172075,40.20852187,-32.4138934,3427,,123.55,2.902883636,0.721,uk,,,Lawrence,2010,https://doi.org/10.1016/j.epsl.2010.10.013,https://doi.org/10.25921/phvg-5h05,
DSDP607,*,41.0012,-32.9573,40.46044645,-32.58172075,40.20852187,-32.4138934,3427,,123.7,2.905996471,0.71,uk,,,Lawrence,2010,https://doi.org/10.1016/j.epsl.2010.10.013,https://doi.org/10.25921/phvg-5h05,
DSDP607,*,41.0012,-32.9573,40.46044645,-32.58172075,40.20852187,-32.4138934,3427,,123.85,2.909650769,0.704,uk,,,Lawrence,2010,https://doi.org/10.1016/j.epsl.2010.10.013,https://doi.org/10.25921/phvg-5h05,
DSDP607,*,41.0012,-32.9573,40.46044645,-32.58172075,40.20852187,-32.4138934,3427,,124,2.913801667,0.701,uk,,,Lawrence,2010,https://doi.org/10.1016/j.epsl.2010.10.013,https://doi.org/10.25921/phvg-5h05,
DSDP607,*,41.0012,-32.9573,40.46044645,-32.58172075,40.20852187,-32.4138934,3427,,124.15,2.917946667,0.673,uk,,,Lawrence,2010,https://doi.org/10.1016/j.epsl.2010.10.013,https://doi.org/10.25921/phvg-5h05,
DSDP607,*,41.0012,-32.9573,40.46044645,-32.58172075,40.20852187,-32.4138934,3427,,124.3,2.92209,0.66,uk,,,Lawrence,2010,https://doi.org/10.1016/j.epsl.2010.10.013,https://doi.org/10.25921/phvg-5h05,
DSDP607,*,41.0012,-32.9573,40.46044645,-32.58172075,40.20852187,-32.4138934,3427,,124.45,2.926236667,0.657,uk,,,Lawrence,2010,https://doi.org/10.1016/j.epsl.2010.10.013,https://doi.org/10.25921/phvg-5h05,
DSDP607,*,41.0012,-32.9573,40.46044645,-32.58172075,40.20852187,-32.4138934,3427,,124.6,2.93034,0.636,uk,,,Lawrence,2010,https://doi.org/10.1016/j.epsl.2010.10.013,https://doi.org/10.25921/phvg-5h05,
DSDP607,*,41.0012,-32.9573,40.46044645,-32.58172075,40.20852187,-32.4138934,3427,,124.75,2.934016216,0.652,uk,,,Lawrence,2010,https://doi.org/10.1016/j.epsl.2010.10.013,https://doi.org/10.25921/phvg-5h05,
DSDP607,*,41.0012,-32.9573,40.46044645,-32.58172075,40.20852187,-32.4138934,3427,,124.9,2.937064865,0.661,uk,,,Lawrence,2010,https://doi.org/10.1016/j.epsl.2010.10.013,https://doi.org/10.25921/phvg-5h05,
DSDP607,*,41.0012,-32.9573,40.46044645,-32.58172075,40.20852187,-32.4138934,3427,,125.05,2.940113514,0.693,uk,,,Lawrence,2010,https://doi.org/10.1016/j.epsl.2010.10.013,https://doi.org/10.25921/phvg-5h05,
DSDP607,*,41.0012,-32.9573,40.46044645,-32.58172075,40.20852187,-32.4138934,3427,,125.21,2.943293158,0.725,uk,,,Lawrence,2010,https://doi.org/10.1016/j.epsl.2010.10.013,https://doi.org/10.25921/phvg-5h05,
DSDP607,*,41.0012,-32.9573,40.46044645,-32.58172075,40.20852187,-32.4138934,3427,,125.35,2.946065385,0.667,uk,,,Lawrence,2010,https://doi.org/10.1016/j.epsl.2010.10.013,https://doi.org/10.25921/phvg-5h05,
DSDP607,*,41.0012,-32.9573,40.46044645,-32.58172075,40.20852187,-32.4138934,3427,,125.5,2.949036667,0.726,uk,,,Lawrence,2010,https://doi.org/10.1016/j.epsl.2010.10.013,https://doi.org/10.25921/phvg-5h05,
DSDP607,*,41.0012,-32.9573,40.46044645,-32.58172075,40.20852187,-32.4138934,3427,,125.65,2.951933333,0.745,uk,,,Lawrence,2010,https://doi.org/10.1016/j.epsl.2010.10.013,https://doi.org/10.25921/phvg-5h05,
DSDP607,*,41.0012,-32.9573,40.46044645,-32.58172075,40.20852187,-32.4138934,3427,,125.8,2.95469,0.7835,uk,,,Lawrence,2010,https://doi.org/10.1016/j.epsl.2010.10.013,https://doi.org/10.25921/phvg-5h05,
DSDP607,*,41.0012,-32.9573,40.46044645,-32.58172075,40.20852187,-32.4138934,3427,,125.95,2.957633333,0.77,uk,,,Lawrence,2010,https://doi.org/10.1016/j.epsl.2010.10.013,https://doi.org/10.25921/phvg-5h05,
DSDP607,*,41.0012,-32.9573,40.46044645,-32.58172075,40.20852187,-32.4138934,3427,,126.1,2.961153333,0.744,uk,,,Lawrence,2010,https://doi.org/10.1016/j.epsl.2010.10.013,https://doi.org/10.25921/phvg-5h05,
DSDP607,*,41.0012,-32.9573,40.46044645,-32.58172075,40.20852187,-32.4138934,3427,,126.25,2.965092308,0.728,uk,,,Lawrence,2010,https://doi.org/10.1016/j.epsl.2010.10.013,https://doi.org/10.25921/phvg-5h05,
DSDP607,*,41.0012,-32.9573,40.46044645,-32.58172075,40.20852187,-32.4138934,3427,,126.4,2.969020417,0.725,uk,,,Lawrence,2010,https://doi.org/10.1016/j.epsl.2010.10.013,https://doi.org/10.25921/phvg-5h05,
DSDP607,*,41.0012,-32.9573,40.46044645,-32.58172075,40.20852187,-32.4138934,3427,,126.54,2.97242125,0.709,uk,,,Lawrence,2010,https://doi.org/10.1016/j.epsl.2010.10.013,https://doi.org/10.25921/phvg-5h05,
DSDP607,*,41.0012,-32.9573,40.46044645,-32.58172075,40.20852187,-32.4138934,3427,,126.7,2.97602,0.699,uk,,,Lawrence,2010,https://doi.org/10.1016/j.epsl.2010.10.013,https://doi.org/10.25921/phvg-5h05,
DSDP607,*,41.0012,-32.9573,40.46044645,-32.58172075,40.20852187,-32.4138934,3427,,126.85,2.979335714,0.704,uk,,,Lawrence,2010,https://doi.org/10.1016/j.epsl.2010.10.013,https://doi.org/10.25921/phvg-5h05,
DSDP607,*,41.0012,-32.9573,40.46044645,-32.58172075,40.20852187,-32.4138934,3427,,127,2.982646667,0.71,uk,,,Lawrence,2010,https://doi.org/10.1016/j.epsl.2010.10.013,https://doi.org/10.25921/phvg-5h05,
DSDP607,*,41.0012,-32.9573,40.46044645,-32.58172075,40.20852187,-32.4138934,3427,,127.15,2.985946667,0.713,uk,,,Lawrence,2010,https://doi.org/10.1016/j.epsl.2010.10.013,https://doi.org/10.25921/phvg-5h05,
DSDP607,*,41.0012,-32.9573,40.46044645,-32.58172075,40.20852187,-32.4138934,3427,,127.3,2.9893,0.683,uk,,,Lawrence,2010,https://doi.org/10.1016/j.epsl.2010.10.013,https://doi.org/10.25921/phvg-5h05,
DSDP607,*,41.0012,-32.9573,40.46044645,-32.58172075,40.20852187,-32.4138934,3427,,127.45,2.992735,0.709,uk,,,Lawrence,2010,https://doi.org/10.1016/j.epsl.2010.10.013,https://doi.org/10.25921/phvg-5h05,
DSDP607,*,41.0012,-32.9573,40.46044645,-32.58172075,40.20852187,-32.4138934,3427,,127.6,2.9962,0.684,uk,,,Lawrence,2010,https://doi.org/10.1016/j.epsl.2010.10.013,https://doi.org/10.25921/phvg-5h05,
DSDP607,*,41.0012,-32.9573,40.46044645,-32.58172075,40.20852187,-32.4138934,3427,,127.75,2.99963,0.682,uk,,,Lawrence,2010,https://doi.org/10.1016/j.epsl.2010.10.013,https://doi.org/10.25921/phvg-5h05,
DSDP607,*,41.0012,-32.9573,40.46044645,-32.58172075,40.20852187,-32.4138934,3427,,127.91,3.003385,0.664,uk,,,Lawrence,2010,https://doi.org/10.1016/j.epsl.2010.10.013,https://doi.org/10.25921/phvg-5h05,
DSDP607,*,41.0012,-32.9573,40.46044645,-32.58172075,40.20852187,-32.4138934,3427,,128.02,3.00646,0.665,uk,,,Lawrence,2010,https://doi.org/10.1016/j.epsl.2010.10.013,https://doi.org/10.25921/phvg-5h05,
DSDP607,*,41.0012,-32.9573,40.46044645,-32.58172075,40.20852187,-32.4138934,3427,,128.11,3.00927,0.654,uk,,,Lawrence,2010,https://doi.org/10.1016/j.epsl.2010.10.013,https://doi.org/10.25921/phvg-5h05,
DSDP607,*,41.0012,-32.9573,40.46044645,-32.58172075,40.20852187,-32.4138934,3427,,128.24,3.013331176,0.6565,uk,,,Lawrence,2010,https://doi.org/10.1016/j.epsl.2010.10.013,https://doi.org/10.25921/phvg-5h05,
DSDP607,*,41.0012,-32.9573,40.46044645,-32.58172075,40.20852187,-32.4138934,3427,,128.36,3.017000909,0.658,uk,,,Lawrence,2010,https://doi.org/10.1016/j.epsl.2010.10.013,https://doi.org/10.25921/phvg-5h05,
DSDP607,*,41.0012,-32.9573,40.46044645,-32.58172075,40.20852187,-32.4138934,3427,,128.41,3.018464545,0.663,uk,,,Lawrence,2010,https://doi.org/10.1016/j.epsl.2010.10.013,https://doi.org/10.25921/phvg-5h05,
DSDP607,*,41.0012,-32.9573,40.46044645,-32.58172075,40.20852187,-32.4138934,3427,,128.56,3.022758824,0.665,uk,,,Lawrence,2010,https://doi.org/10.1016/j.epsl.2010.10.013,https://doi.org/10.25921/phvg-5h05,
DSDP607,*,41.0012,-32.9573,40.46044645,-32.58172075,40.20852187,-32.4138934,3427,,128.71,3.027046,0.663,uk,,,Lawrence,2010,https://doi.org/10.1016/j.epsl.2010.10.013,https://doi.org/10.25921/phvg-5h05,
DSDP607,*,41.0012,-32.9573,40.46044645,-32.58172075,40.20852187,-32.4138934,3427,,128.78,3.028998,0.691,uk,,,Lawrence,2010,https://doi.org/10.1016/j.epsl.2010.10.013,https://doi.org/10.25921/phvg-5h05,
DSDP607,*,41.0012,-32.9573,40.46044645,-32.58172075,40.20852187,-32.4138934,3427,,128.92,3.032694,0.748,uk,,,Lawrence,2010,https://doi.org/10.1016/j.epsl.2010.10.013,https://doi.org/10.25921/phvg-5h05,
DSDP607,*,41.0012,-32.9573,40.46044645,-32.58172075,40.20852187,-32.4138934,3427,,129.01,3.034782,0.755,uk,,,Lawrence,2010,https://doi.org/10.1016/j.epsl.2010.10.013,https://doi.org/10.25921/phvg-5h05,
DSDP607,*,41.0012,-32.9573,40.46044645,-32.58172075,40.20852187,-32.4138934,3427,,129.09,3.036731333,0.744,uk,,,Lawrence,2010,https://doi.org/10.1016/j.epsl.2010.10.013,https://doi.org/10.25921/phvg-5h05,
DSDP607,*,41.0012,-32.9573,40.46044645,-32.58172075,40.20852187,-32.4138934,3427,,129.15,3.038263333,0.718,uk,,,Lawrence,2010,https://doi.org/10.1016/j.epsl.2010.10.013,https://doi.org/10.25921/phvg-5h05,
DSDP607,*,41.0012,-32.9573,40.46044645,-32.58172075,40.20852187,-32.4138934,3427,,129.25,3.040826667,0.736,uk,,,Lawrence,2010,https://doi.org/10.1016/j.epsl.2010.10.013,https://doi.org/10.25921/phvg-5h05,
DSDP607,*,41.0012,-32.9573,40.46044645,-32.58172075,40.20852187,-32.4138934,3427,,129.3,3.042113333,0.7185,uk,,,Lawrence,2010,https://doi.org/10.1016/j.epsl.2010.10.013,https://doi.org/10.25921/phvg-5h05,
DSDP607,*,41.0012,-32.9573,40.46044645,-32.58172075,40.20852187,-32.4138934,3427,,129.4,3.044686364,0.728,uk,,,Lawrence,2010,https://doi.org/10.1016/j.epsl.2010.10.013,https://doi.org/10.25921/phvg-5h05,
DSDP607,*,41.0012,-32.9573,40.46044645,-32.58172075,40.20852187,-32.4138934,3427,,129.51,3.047516364,0.696,uk,,,Lawrence,2010,https://doi.org/10.1016/j.epsl.2010.10.013,https://doi.org/10.25921/phvg-5h05,
DSDP607,*,41.0012,-32.9573,40.46044645,-32.58172075,40.20852187,-32.4138934,3427,,129.61,3.05009,0.705,uk,,,Lawrence,2010,https://doi.org/10.1016/j.epsl.2010.10.013,https://doi.org/10.25921/phvg-5h05,
DSDP607,*,41.0012,-32.9573,40.46044645,-32.58172075,40.20852187,-32.4138934,3427,,129.69,3.052055,0.7135,uk,,,Lawrence,2010,https://doi.org/10.1016/j.epsl.2010.10.013,https://doi.org/10.25921/phvg-5h05,
DSDP607,*,41.0012,-32.9573,40.46044645,-32.58172075,40.20852187,-32.4138934,3427,,129.74,3.053203243,0.717,uk,,,Lawrence,2010,https://doi.org/10.1016/j.epsl.2010.10.013,https://doi.org/10.25921/phvg-5h05,
DSDP607,*,41.0012,-32.9573,40.46044645,-32.58172075,40.20852187,-32.4138934,3427,,129.77,3.053842973,0.732,uk,,,Lawrence,2010,https://doi.org/10.1016/j.epsl.2010.10.013,https://doi.org/10.25921/phvg-5h05,
DSDP607,*,41.0012,-32.9573,40.46044645,-32.58172075,40.20852187,-32.4138934,3427,,130,3.058747568,0.745,uk,,,Lawrence,2010,https://doi.org/10.1016/j.epsl.2010.10.013,https://doi.org/10.25921/phvg-5h05,
DSDP607,*,41.0012,-32.9573,40.46044645,-32.58172075,40.20852187,-32.4138934,3427,,130.21,3.063266154,0.74,uk,,,Lawrence,2010,https://doi.org/10.1016/j.epsl.2010.10.013,https://doi.org/10.25921/phvg-5h05,
DSDP607,*,41.0012,-32.9573,40.46044645,-32.58172075,40.20852187,-32.4138934,3427,,130.32,3.065648235,0.74,uk,,,Lawrence,2010,https://doi.org/10.1016/j.epsl.2010.10.013,https://doi.org/10.25921/phvg-5h05,
DSDP607,*,41.0012,-32.9573,40.46044645,-32.58172075,40.20852187,-32.4138934,3427,,130.46,3.06894,0.737,uk,,,Lawrence,2010,https://doi.org/10.1016/j.epsl.2010.10.013,https://doi.org/10.25921/phvg-5h05,
DSDP607,*,41.0012,-32.9573,40.46044645,-32.58172075,40.20852187,-32.4138934,3427,,130.51,3.07024,0.752,uk,,,Lawrence,2010,https://doi.org/10.1016/j.epsl.2010.10.013,https://doi.org/10.25921/phvg-5h05,
DSDP607,*,41.0012,-32.9573,40.46044645,-32.58172075,40.20852187,-32.4138934,3427,,130.61,3.07284,0.784,uk,,,Lawrence,2010,https://doi.org/10.1016/j.epsl.2010.10.013,https://doi.org/10.25921/phvg-5h05,
DSDP607,*,41.0012,-32.9573,40.46044645,-32.58172075,40.20852187,-32.4138934,3427,,130.73,3.075992308,0.793,uk,,,Lawrence,2010,https://doi.org/10.1016/j.epsl.2010.10.013,https://doi.org/10.25921/phvg-5h05,
DSDP607,*,41.0012,-32.9573,40.46044645,-32.58172075,40.20852187,-32.4138934,3427,,130.87,3.07972375,0.791,uk,,,Lawrence,2010,https://doi.org/10.1016/j.epsl.2010.10.013,https://doi.org/10.25921/phvg-5h05,
DSDP607,*,41.0012,-32.9573,40.46044645,-32.58172075,40.20852187,-32.4138934,3427,,130.98,3.082539063,0.776,uk,,,Lawrence,2010,https://doi.org/10.1016/j.epsl.2010.10.013,https://doi.org/10.25921/phvg-5h05,
DSDP607,*,41.0012,-32.9573,40.46044645,-32.58172075,40.20852187,-32.4138934,3427,,131.11,3.08586625,0.79,uk,,,Lawrence,2010,https://doi.org/10.1016/j.epsl.2010.10.013,https://doi.org/10.25921/phvg-5h05,
DSDP607,*,41.0012,-32.9573,40.46044645,-32.58172075,40.20852187,-32.4138934,3427,,131.2,3.088073929,0.785,uk,,,Lawrence,2010,https://doi.org/10.1016/j.epsl.2010.10.013,https://doi.org/10.25921/phvg-5h05,
DSDP607,*,41.0012,-32.9573,40.46044645,-32.58172075,40.20852187,-32.4138934,3427,,131.26,3.089494643,0.786,uk,,,Lawrence,2010,https://doi.org/10.1016/j.epsl.2010.10.013,https://doi.org/10.25921/phvg-5h05,
DSDP607,*,41.0012,-32.9573,40.46044645,-32.58172075,40.20852187,-32.4138934,3427,,131.4,3.092809643,0.777,uk,,,Lawrence,2010,https://doi.org/10.1016/j.epsl.2010.10.013,https://doi.org/10.25921/phvg-5h05,
DSDP607,*,41.0012,-32.9573,40.46044645,-32.58172075,40.20852187,-32.4138934,3427,,131.47,3.094690526,0.785,uk,,,Lawrence,2010,https://doi.org/10.1016/j.epsl.2010.10.013,https://doi.org/10.25921/phvg-5h05,
DSDP607,*,41.0012,-32.9573,40.46044645,-32.58172075,40.20852187,-32.4138934,3427,,131.59,3.098202105,0.789,uk,,,Lawrence,2010,https://doi.org/10.1016/j.epsl.2010.10.013,https://doi.org/10.25921/phvg-5h05,
DSDP607,*,41.0012,-32.9573,40.46044645,-32.58172075,40.20852187,-32.4138934,3427,,131.67,3.100564615,0.783,uk,,,Lawrence,2010,https://doi.org/10.1016/j.epsl.2010.10.013,https://doi.org/10.25921/phvg-5h05,
DSDP607,*,41.0012,-32.9573,40.46044645,-32.58172075,40.20852187,-32.4138934,3427,,131.72,3.102049231,0.786,uk,,,Lawrence,2010,https://doi.org/10.1016/j.epsl.2010.10.013,https://doi.org/10.25921/phvg-5h05,
DSDP607,*,41.0012,-32.9573,40.46044645,-32.58172075,40.20852187,-32.4138934,3427,,131.8,3.104516471,0.785,uk,,,Lawrence,2010,https://doi.org/10.1016/j.epsl.2010.10.013,https://doi.org/10.25921/phvg-5h05,
DSDP607,*,41.0012,-32.9573,40.46044645,-32.58172075,40.20852187,-32.4138934,3427,,131.9,3.107669412,0.775,uk,,,Lawrence,2010,https://doi.org/10.1016/j.epsl.2010.10.013,https://doi.org/10.25921/phvg-5h05,
DSDP607,*,41.0012,-32.9573,40.46044645,-32.58172075,40.20852187,-32.4138934,3427,,132.02,3.111706667,0.773,uk,,,Lawrence,2010,https://doi.org/10.1016/j.epsl.2010.10.013,https://doi.org/10.25921/phvg-5h05,
DSDP607,*,41.0012,-32.9573,40.46044645,-32.58172075,40.20852187,-32.4138934,3427,,132.09,3.114165385,0.769,uk,,,Lawrence,2010,https://doi.org/10.1016/j.epsl.2010.10.013,https://doi.org/10.25921/phvg-5h05,
DSDP607,*,41.0012,-32.9573,40.46044645,-32.58172075,40.20852187,-32.4138934,3427,,132.16,3.116809231,0.763,uk,,,Lawrence,2010,https://doi.org/10.1016/j.epsl.2010.10.013,https://doi.org/10.25921/phvg-5h05,
DSDP607,*,41.0012,-32.9573,40.46044645,-32.58172075,40.20852187,-32.4138934,3427,,132.83,3.142064,0.69,uk,,,Lawrence,2010,https://doi.org/10.1016/j.epsl.2010.10.013,https://doi.org/10.25921/phvg-5h05,
DSDP607,*,41.0012,-32.9573,40.46044645,-32.58172075,40.20852187,-32.4138934,3427,,132.9,3.144266667,0.684,uk,,,Lawrence,2010,https://doi.org/10.1016/j.epsl.2010.10.013,https://doi.org/10.25921/phvg-5h05,
DSDP607,*,41.0012,-32.9573,40.46044645,-32.58172075,40.20852187,-32.4138934,3427,,133.03,3.147610667,0.727,uk,,,Lawrence,2010,https://doi.org/10.1016/j.epsl.2010.10.013,https://doi.org/10.25921/phvg-5h05,
DSDP607,*,41.0012,-32.9573,40.46044645,-32.58172075,40.20852187,-32.4138934,3427,,133.13,3.149757273,0.739,uk,,,Lawrence,2010,https://doi.org/10.1016/j.epsl.2010.10.013,https://doi.org/10.25921/phvg-5h05,
DSDP607,*,41.0012,-32.9573,40.46044645,-32.58172075,40.20852187,-32.4138934,3427,,133.2,3.151150909,0.783,uk,,,Lawrence,2010,https://doi.org/10.1016/j.epsl.2010.10.013,https://doi.org/10.25921/phvg-5h05,
DSDP607,*,41.0012,-32.9573,40.46044645,-32.58172075,40.20852187,-32.4138934,3427,,133.43,3.1557356,0.785,uk,,,Lawrence,2010,https://doi.org/10.1016/j.epsl.2010.10.013,https://doi.org/10.25921/phvg-5h05,
DSDP607,*,41.0012,-32.9573,40.46044645,-32.58172075,40.20852187,-32.4138934,3427,,133.52,3.157532,0.788,uk,,,Lawrence,2010,https://doi.org/10.1016/j.epsl.2010.10.013,https://doi.org/10.25921/phvg-5h05,
DSDP607,*,41.0012,-32.9573,40.46044645,-32.58172075,40.20852187,-32.4138934,3427,,133.57,3.15853,0.7525,uk,,,Lawrence,2010,https://doi.org/10.1016/j.epsl.2010.10.013,https://doi.org/10.25921/phvg-5h05,
DSDP607,*,41.0012,-32.9573,40.46044645,-32.58172075,40.20852187,-32.4138934,3427,,133.72,3.161528667,0.777,uk,,,Lawrence,2010,https://doi.org/10.1016/j.epsl.2010.10.013,https://doi.org/10.25921/phvg-5h05,
DSDP607,*,41.0012,-32.9573,40.46044645,-32.58172075,40.20852187,-32.4138934,3427,,133.87,3.164518667,0.764,uk,,,Lawrence,2010,https://doi.org/10.1016/j.epsl.2010.10.013,https://doi.org/10.25921/phvg-5h05,
DSDP607,*,41.0012,-32.9573,40.46044645,-32.58172075,40.20852187,-32.4138934,3427,,134.02,3.167508667,0.774,uk,,,Lawrence,2010,https://doi.org/10.1016/j.epsl.2010.10.013,https://doi.org/10.25921/phvg-5h05,
DSDP607,*,41.0012,-32.9573,40.46044645,-32.58172075,40.20852187,-32.4138934,3427,,134.11,3.169302667,0.764,uk,,,Lawrence,2010,https://doi.org/10.1016/j.epsl.2010.10.013,https://doi.org/10.25921/phvg-5h05,
DSDP607,*,41.0012,-32.9573,40.46044645,-32.58172075,40.20852187,-32.4138934,3427,,134.19,3.170684,0.78,uk,,,Lawrence,2010,https://doi.org/10.1016/j.epsl.2010.10.013,https://doi.org/10.25921/phvg-5h05,
DSDP607,*,41.0012,-32.9573,40.46044645,-32.58172075,40.20852187,-32.4138934,3427,,134.33,3.172876,0.751,uk,,,Lawrence,2010,https://doi.org/10.1016/j.epsl.2010.10.013,https://doi.org/10.25921/phvg-5h05,
DSDP607,*,41.0012,-32.9573,40.46044645,-32.58172075,40.20852187,-32.4138934,3427,,134.48,3.175804,0.742,uk,,,Lawrence,2010,https://doi.org/10.1016/j.epsl.2010.10.013,https://doi.org/10.25921/phvg-5h05,
DSDP607,*,41.0012,-32.9573,40.46044645,-32.58172075,40.20852187,-32.4138934,3427,,134.63,3.178723636,0.737,uk,,,Lawrence,2010,https://doi.org/10.1016/j.epsl.2010.10.013,https://doi.org/10.25921/phvg-5h05,
DSDP607,*,41.0012,-32.9573,40.46044645,-32.58172075,40.20852187,-32.4138934,3427,,134.77,3.181447273,0.734,uk,,,Lawrence,2010,https://doi.org/10.1016/j.epsl.2010.10.013,https://doi.org/10.25921/phvg-5h05,
DSDP607,*,41.0012,-32.9573,40.46044645,-32.58172075,40.20852187,-32.4138934,3427,,134.83,3.182615,0.737,uk,,,Lawrence,2010,https://doi.org/10.1016/j.epsl.2010.10.013,https://doi.org/10.25921/phvg-5h05,
DSDP607,*,41.0012,-32.9573,40.46044645,-32.58172075,40.20852187,-32.4138934,3427,,134.94,3.184761579,0.736,uk,,,Lawrence,2010,https://doi.org/10.1016/j.epsl.2010.10.013,https://doi.org/10.25921/phvg-5h05,
DSDP607,*,41.0012,-32.9573,40.46044645,-32.58172075,40.20852187,-32.4138934,3427,,135.01,3.186128421,0.73,uk,,,Lawrence,2010,https://doi.org/10.1016/j.epsl.2010.10.013,https://doi.org/10.25921/phvg-5h05,
DSDP607,*,41.0012,-32.9573,40.46044645,-32.58172075,40.20852187,-32.4138934,3427,,135.1,3.187875455,0.748,uk,,,Lawrence,2010,https://doi.org/10.1016/j.epsl.2010.10.013,https://doi.org/10.25921/phvg-5h05,
DSDP607,*,41.0012,-32.9573,40.46044645,-32.58172075,40.20852187,-32.4138934,3427,,135.24,3.190705294,0.757,uk,,,Lawrence,2010,https://doi.org/10.1016/j.epsl.2010.10.013,https://doi.org/10.25921/phvg-5h05,
DSDP607,*,41.0012,-32.9573,40.46044645,-32.58172075,40.20852187,-32.4138934,3427,,135.3,3.192000588,0.741,uk,,,Lawrence,2010,https://doi.org/10.1016/j.epsl.2010.10.013,https://doi.org/10.25921/phvg-5h05,
DSDP607,*,41.0012,-32.9573,40.46044645,-32.58172075,40.20852187,-32.4138934,3427,,135.4,3.194226154,0.755,uk,,,Lawrence,2010,https://doi.org/10.1016/j.epsl.2010.10.013,https://doi.org/10.25921/phvg-5h05,
DSDP607,*,41.0012,-32.9573,40.46044645,-32.58172075,40.20852187,-32.4138934,3427,,135.55,3.197711176,0.736,uk,,,Lawrence,2010,https://doi.org/10.1016/j.epsl.2010.10.013,https://doi.org/10.25921/phvg-5h05,
DSDP607,*,41.0012,-32.9573,40.46044645,-32.58172075,40.20852187,-32.4138934,3427,,135.62,3.199362353,0.747,uk,,,Lawrence,2010,https://doi.org/10.1016/j.epsl.2010.10.013,https://doi.org/10.25921/phvg-5h05,
DSDP607,*,41.0012,-32.9573,40.46044645,-32.58172075,40.20852187,-32.4138934,3427,,135.73,3.202320667,0.737,uk,,,Lawrence,2010,https://doi.org/10.1016/j.epsl.2010.10.013,https://doi.org/10.25921/phvg-5h05,