SiteName,SiteHole,Lat,Lon,pLat325,pLon325,pLat475,pLon475,WaterDepth,MBSF,MCD,Age,ProxyValue,ProxyType,CleaningMethod,Species,LeadAuthor,Year,pubDOI,dataDOI,notes,BIT,MI,deltaRI,QualityFlag
HadiSST,,-3.5,-90.5,,,,,,,,0,0.579,tex,,,,,,,Preindustrial estimate from HadiSST 1870 to 1900,,,,0
ODP846,NaN,-3.095,-90.81833,-3.458060967,-92.93958667,-3.592857549,-93.91903842,3296,172.845,196.975,5.08177,0.655875698,tex,NaN,NaN,Lawrence,2020,https://doi.org/10.1029/2020PA003858,NaN,,NaN,0.215364526,0.047139676,0
ODP846,NaN,-3.095,-90.81833,-3.458060967,-92.93958667,-3.592857549,-93.91903842,3296,172.995,197.125,5.08825,0.653949575,tex,NaN,NaN,Lawrence,2020,https://doi.org/10.1029/2020PA003858,NaN,,NaN,0.206915263,0.043760729,0
ODP846,NaN,-3.095,-90.81833,-3.458060967,-92.93958667,-3.592857549,-93.91903842,3296,173.145,197.265,5.09478,0.669617912,tex,NaN,NaN,Lawrence,2020,https://doi.org/10.1029/2020PA003858,NaN,,NaN,0.209026379,0.056243441,0
ODP846,NaN,-3.095,-90.81833,-3.458060967,-92.93958667,-3.592857549,-93.91903842,3296,173.295,197.415,5.1008,0.663491394,tex,NaN,NaN,Lawrence,2020,https://doi.org/10.1029/2020PA003858,NaN,,NaN,0.216444733,0.01086111,0
ODP846,NaN,-3.095,-90.81833,-3.458060967,-92.93958667,-3.592857549,-93.91903842,3296,173.445,197.555,5.10489,0.678891909,tex,NaN,NaN,Lawrence,2020,https://doi.org/10.1029/2020PA003858,NaN,,NaN,0.222949575,0.034995886,0
ODP846,NaN,-3.095,-90.81833,-3.458060967,-92.93958667,-3.592857549,-93.91903842,3296,173.595,197.667,5.10845,0.668213483,tex,NaN,NaN,Lawrence,2020,https://doi.org/10.1029/2020PA003858,NaN,,NaN,0.213691191,0.000502036,0
ODP846,NaN,-3.095,-90.81833,-3.458060967,-92.93958667,-3.592857549,-93.91903842,3296,173.745,197.755,5.11083,0.655910682,tex,NaN,NaN,Lawrence,2020,https://doi.org/10.1029/2020PA003858,NaN,,NaN,0.211907181,0.018837836,0
ODP846,NaN,-3.095,-90.81833,-3.458060967,-92.93958667,-3.592857549,-93.91903842,3296,173.895,197.833,5.11345,0.652725994,tex,NaN,NaN,Lawrence,2020,https://doi.org/10.1029/2020PA003858,NaN,,NaN,0.207902216,0.000496197,0
ODP846,NaN,-3.095,-90.81833,-3.458060967,-92.93958667,-3.592857549,-93.91903842,3296,174.045,197.895,5.11488,0.661955259,tex,NaN,NaN,Lawrence,2020,https://doi.org/10.1029/2020PA003858,NaN,,NaN,0.209345302,0.04479996,0
ODP846,NaN,-3.095,-90.81833,-3.458060967,-92.93958667,-3.592857549,-93.91903842,3296,174.195,198.005,5.11823,0.650161521,tex,NaN,NaN,Lawrence,2020,https://doi.org/10.1029/2020PA003858,NaN,,NaN,0.228869101,0.0755854,0
ODP846,NaN,-3.095,-90.81833,-3.458060967,-92.93958667,-3.592857549,-93.91903842,3296,174.345,198.065,5.11986,0.662569041,tex,NaN,NaN,Lawrence,2020,https://doi.org/10.1029/2020PA003858,NaN,,NaN,0.221723472,0.078960039,0
ODP846,NaN,-3.095,-90.81833,-3.458060967,-92.93958667,-3.592857549,-93.91903842,3296,174.495,198.161,5.1229,0.658650256,tex,NaN,NaN,Lawrence,2020,https://doi.org/10.1029/2020PA003858,NaN,,NaN,0.224675204,0.036381613,0
ODP846,NaN,-3.095,-90.81833,-3.458060967,-92.93958667,-3.592857549,-93.91903842,3296,174.645,198.275,5.12588,0.678418599,tex,NaN,NaN,Lawrence,2020,https://doi.org/10.1029/2020PA003858,NaN,,NaN,0.215218086,0.082476278,0
ODP846,NaN,-3.095,-90.81833,-3.458060967,-92.93958667,-3.592857549,-93.91903842,3296,174.795,198.425,5.1289,0.668051066,tex,NaN,NaN,Lawrence,2020,https://doi.org/10.1029/2020PA003858,NaN,,NaN,0.209630314,0.008399979,0
ODP846,NaN,-3.095,-90.81833,-3.458060967,-92.93958667,-3.592857549,-93.91903842,3296,174.945,198.575,5.1319,0.672741336,tex,NaN,NaN,Lawrence,2020,https://doi.org/10.1029/2020PA003858,NaN,,NaN,0.2038247,0.009182383,0
ODP846,NaN,-3.095,-90.81833,-3.458060967,-92.93958667,-3.592857549,-93.91903842,3296,175.095,198.72,5.1349,0.682705554,tex,NaN,NaN,Lawrence,2020,https://doi.org/10.1029/2020PA003858,NaN,,NaN,0.215797956,0.022950828,0
ODP846,NaN,-3.095,-90.81833,-3.458060967,-92.93958667,-3.592857549,-93.91903842,3296,175.245,198.845,5.13694,0.673984292,tex,NaN,NaN,Lawrence,2020,https://doi.org/10.1029/2020PA003858,NaN,,NaN,0.207221877,0.022700594,0
ODP846,NaN,-3.095,-90.81833,-3.458060967,-92.93958667,-3.592857549,-93.91903842,3296,175.395,198.957,5.13945,0.666294181,tex,NaN,NaN,Lawrence,2020,https://doi.org/10.1029/2020PA003858,NaN,,NaN,0.213526635,0.006731849,0
ODP846,NaN,-3.095,-90.81833,-3.458060967,-92.93958667,-3.592857549,-93.91903842,3296,175.545,199.055,5.14093,0.663715052,tex,NaN,NaN,Lawrence,2020,https://doi.org/10.1029/2020PA003858,NaN,,NaN,0.217128481,0.045029607,0
ODP846,NaN,-3.095,-90.81833,-3.458060967,-92.93958667,-3.592857549,-93.91903842,3296,175.695,199.143,5.14245,0.665080685,tex,NaN,NaN,Lawrence,2020,https://doi.org/10.1029/2020PA003858,NaN,,NaN,0.209462258,0.020978156,0
ODP846,NaN,-3.095,-90.81833,-3.458060967,-92.93958667,-3.592857549,-93.91903842,3296,175.845,199.225,5.14483,0.667901453,tex,NaN,NaN,Lawrence,2020,https://doi.org/10.1029/2020PA003858,NaN,,NaN,0.199412156,0.055928879,0
ODP846,NaN,-3.095,-90.81833,-3.458060967,-92.93958667,-3.592857549,-93.91903842,3296,175.995,199.311,5.14645,0.666161809,tex,NaN,NaN,Lawrence,2020,https://doi.org/10.1029/2020PA003858,NaN,,NaN,0.205499544,0.029771545,0
ODP846,NaN,-3.095,-90.81833,-3.458060967,-92.93958667,-3.592857549,-93.91903842,3296,176.145,199.415,5.14793,0.66020936,tex,NaN,NaN,Lawrence,2020,https://doi.org/10.1029/2020PA003858,NaN,,NaN,0.212626914,0.65216913,0
ODP846,NaN,-3.095,-90.81833,-3.458060967,-92.93958667,-3.592857549,-93.91903842,3296,176.295,199.569,5.1509,0.659635668,tex,NaN,NaN,Lawrence,2020,https://doi.org/10.1029/2020PA003858,NaN,,NaN,0.210625402,0.03985827,0
ODP846,NaN,-3.095,-90.81833,-3.458060967,-92.93958667,-3.592857549,-93.91903842,3296,176.445,199.775,5.15393,0.644866726,tex,NaN,NaN,Lawrence,2020,https://doi.org/10.1029/2020PA003858,NaN,,NaN,0.21709336,0.020759496,0
ODP846,NaN,-3.095,-90.81833,-3.458060967,-92.93958667,-3.592857549,-93.91903842,3296,176.595,199.926,5.15645,0.656377342,tex,NaN,NaN,Lawrence,2020,https://doi.org/10.1029/2020PA003858,NaN,,NaN,0.209935766,0.038627231,0
ODP846,NaN,-3.095,-90.81833,-3.458060967,-92.93958667,-3.592857549,-93.91903842,3296,176.745,200.025,5.15792,0.653350441,tex,NaN,NaN,Lawrence,2020,https://doi.org/10.1029/2020PA003858,NaN,,NaN,0.22379479,0.052810479,0
ODP846,NaN,-3.095,-90.81833,-3.458060967,-92.93958667,-3.592857549,-93.91903842,3296,176.895,200.136,5.15945,0.6532591,tex,NaN,NaN,Lawrence,2020,https://doi.org/10.1029/2020PA003858,NaN,,NaN,0.219195708,0.068977317,0
ODP846,NaN,-3.095,-90.81833,-3.458060967,-92.93958667,-3.592857549,-93.91903842,3296,177.045,200.265,5.16189,0.646832831,tex,NaN,NaN,Lawrence,2020,https://doi.org/10.1029/2020PA003858,NaN,,NaN,0.214419156,0.062797503,0
ODP846,NaN,-3.095,-90.81833,-3.458060967,-92.93958667,-3.592857549,-93.91903842,3296,177.195,200.415,5.16445,0.643430563,tex,NaN,NaN,Lawrence,2020,https://doi.org/10.1029/2020PA003858,NaN,,NaN,0.230203214,0.088060288,0
ODP846,NaN,-3.095,-90.81833,-3.458060967,-92.93958667,-3.592857549,-93.91903842,3296,177.345,200.545,5.16594,0.64385394,tex,NaN,NaN,Lawrence,2020,https://doi.org/10.1029/2020PA003858,NaN,,NaN,0.22760014,0.08715249,0
ODP846,NaN,-3.095,-90.81833,-3.458060967,-92.93958667,-3.592857549,-93.91903842,3296,177.495,200.623,5.16745,0.642018955,tex,NaN,NaN,Lawrence,2020,https://doi.org/10.1029/2020PA003858,NaN,,NaN,0.228495605,0.073322836,0
ODP846,NaN,-3.095,-90.81833,-3.458060967,-92.93958667,-3.592857549,-93.91903842,3296,177.645,200.685,5.16888,0.647705604,tex,NaN,NaN,Lawrence,2020,https://doi.org/10.1029/2020PA003858,NaN,,NaN,0.211261906,0.039456179,0
ODP846,NaN,-3.095,-90.81833,-3.458060967,-92.93958667,-3.592857549,-93.91903842,3296,177.795,200.758,5.17036,0.646196265,tex,NaN,NaN,Lawrence,2020,https://doi.org/10.1029/2020PA003858,NaN,,NaN,0.220372168,0.037004189,0
ODP846,NaN,-3.095,-90.81833,-3.458060967,-92.93958667,-3.592857549,-93.91903842,3296,177.945,200.835,5.1719,0.649085226,tex,NaN,NaN,Lawrence,2020,https://doi.org/10.1029/2020PA003858,NaN,,NaN,0.206856018,0.021811978,0
ODP846,NaN,-3.095,-90.81833,-3.458060967,-92.93958667,-3.592857549,-93.91903842,3296,178.095,200.988,5.1768,0.66623171,tex,NaN,NaN,Lawrence,2020,https://doi.org/10.1029/2020PA003858,NaN,,NaN,0.194502881,0.001265911,0
ODP846,NaN,-3.095,-90.81833,-3.458060967,-92.93958667,-3.592857549,-93.91903842,3296,178.245,201.215,5.18384,0.655874127,tex,NaN,NaN,Lawrence,2020,https://doi.org/10.1029/2020PA003858,NaN,,NaN,0.234583695,0.00718173,0
ODP846,NaN,-3.095,-90.81833,-3.458060967,-92.93958667,-3.592857549,-93.91903842,3296,178.395,201.357,5.1879,0.68175491,tex,NaN,NaN,Lawrence,2020,https://doi.org/10.1029/2020PA003858,NaN,,NaN,0.201045473,0.022507744,0
ODP846,NaN,-3.095,-90.81833,-3.458060967,-92.93958667,-3.592857549,-93.91903842,3296,178.395,201.357,5.1879,0.66562733,tex,NaN,NaN,Lawrence,2020,https://doi.org/10.1029/2020PA003858,NaN,,NaN,0.203018657,0.006942018,0
ODP846,NaN,-3.095,-90.81833,-3.458060967,-92.93958667,-3.592857549,-93.91903842,3296,178.545,201.445,5.19083,0.661423502,tex,NaN,NaN,Lawrence,2020,https://doi.org/10.1029/2020PA003858,NaN,,NaN,0.215879881,0.019976605,0
ODP846,NaN,-3.095,-90.81833,-3.458060967,-92.93958667,-3.592857549,-93.91903842,3296,178.695,201.532,5.19345,0.617618095,tex,NaN,NaN,Lawrence,2020,https://doi.org/10.1029/2020PA003858,NaN,,NaN,0.215904074,0.096390448,0
ODP846,NaN,-3.095,-90.81833,-3.458060967,-92.93958667,-3.592857549,-93.91903842,3296,178.845,201.615,5.19583,0.617841092,tex,NaN,NaN,Lawrence,2020,https://doi.org/10.1029/2020PA003858,NaN,,NaN,0.213739342,0.133606286,0
ODP846,NaN,-3.095,-90.81833,-3.458060967,-92.93958667,-3.592857549,-93.91903842,3296,178.995,201.83,5.2027,0.615830237,tex,NaN,NaN,Lawrence,2020,https://doi.org/10.1029/2020PA003858,NaN,,NaN,0.22340338,0.063429533,0
ODP846,NaN,-3.095,-90.81833,-3.458060967,-92.93958667,-3.592857549,-93.91903842,3296,179.145,202.115,5.21086,0.641436531,tex,NaN,NaN,Lawrence,2020,https://doi.org/10.1029/2020PA003858,NaN,,NaN,0.212055222,0.044046827,0
ODP846,NaN,-3.095,-90.81833,-3.458060967,-92.93958667,-3.592857549,-93.91903842,3296,179.295,202.266,5.2159,0.650088696,tex,NaN,NaN,Lawrence,2020,https://doi.org/10.1029/2020PA003858,NaN,,NaN,0.208620759,0.069538557,0
ODP846,NaN,-3.095,-90.81833,-3.458060967,-92.93958667,-3.592857549,-93.91903842,3296,179.445,202.385,5.21981,0.651391266,tex,NaN,NaN,Lawrence,2020,https://doi.org/10.1029/2020PA003858,NaN,,NaN,0.234239792,0.032680924,0
ODP846,NaN,-3.095,-90.81833,-3.458060967,-92.93958667,-3.592857549,-93.91903842,3296,179.595,202.482,5.2229,0.656353248,tex,NaN,NaN,Lawrence,2020,https://doi.org/10.1029/2020PA003858,NaN,,NaN,0.218883197,0.022712787,0
ODP846,NaN,-3.095,-90.81833,-3.458060967,-92.93958667,-3.592857549,-93.91903842,3296,179.745,202.649,5.22647,0.601599708,tex,NaN,NaN,Lawrence,2020,https://doi.org/10.1029/2020PA003858,NaN,,NaN,0.239465478,0.078862807,0
ODP846,NaN,-3.095,-90.81833,-3.458060967,-92.93958667,-3.592857549,-93.91903842,3296,179.895,202.853,5.23037,0.651674625,tex,NaN,NaN,Lawrence,2020,https://doi.org/10.1029/2020PA003858,NaN,,NaN,0.217738227,0.030363268,0
ODP846,NaN,-3.095,-90.81833,-3.458060967,-92.93958667,-3.592857549,-93.91903842,3296,179.895,202.853,5.23037,0.652196499,tex,NaN,NaN,Lawrence,2020,https://doi.org/10.1029/2020PA003858,NaN,,NaN,0.214643212,0.04011693,0
ODP846,NaN,-3.095,-90.81833,-3.458060967,-92.93958667,-3.592857549,-93.91903842,3296,180.045,203.057,5.23427,0.663264941,tex,NaN,NaN,Lawrence,2020,https://doi.org/10.1029/2020PA003858,NaN,,NaN,0.223511439,0.04937328,0
ODP846,NaN,-3.095,-90.81833,-3.458060967,-92.93958667,-3.592857549,-93.91903842,3296,180.195,203.25,5.2379,0.676339642,tex,NaN,NaN,Lawrence,2020,https://doi.org/10.1029/2020PA003858,NaN,,NaN,0.206145951,0.036762565,0
ODP846,NaN,-3.095,-90.81833,-3.458060967,-92.93958667,-3.592857549,-93.91903842,3296,180.345,203.405,5.2409,0.672312163,tex,NaN,NaN,Lawrence,2020,https://doi.org/10.1029/2020PA003858,NaN,,NaN,0.206901747,0.03709462,0
ODP846,NaN,-3.095,-90.81833,-3.458060967,-92.93958667,-3.592857549,-93.91903842,3296,180.495,203.522,5.24245,0.669602445,tex,NaN,NaN,Lawrence,2020,https://doi.org/10.1029/2020PA003858,NaN,,NaN,0.210079843,0.012630668,0
ODP846,NaN,-3.095,-90.81833,-3.458060967,-92.93958667,-3.592857549,-93.91903842,3296,180.645,203.605,5.2439,0.646269297,tex,NaN,NaN,Lawrence,2020,https://doi.org/10.1029/2020PA003858,NaN,,NaN,0.222777872,0.038047092,0
ODP846,NaN,-3.095,-90.81833,-3.458060967,-92.93958667,-3.592857549,-93.91903842,3296,180.645,203.605,5.2439,0.64786433,tex,NaN,NaN,Lawrence,2020,https://doi.org/10.1029/2020PA003858,NaN,,NaN,0.21597141,0.030954239,0
ODP846,NaN,-3.095,-90.81833,-3.458060967,-92.93958667,-3.592857549,-93.91903842,3296,180.795,203.705,5.24642,0.624076452,tex,NaN,NaN,Lawrence,2020,https://doi.org/10.1029/2020PA003858,NaN,,NaN,0.236711574,0.100620603,0
ODP846,NaN,-3.095,-90.81833,-3.458060967,-92.93958667,-3.592857549,-93.91903842,3296,180.795,203.705,5.24642,0.624517292,tex,NaN,NaN,Lawrence,2020,https://doi.org/10.1029/2020PA003858,NaN,,NaN,0.217540306,0.077520726,0
ODP846,NaN,-3.095,-90.81833,-3.458060967,-92.93958667,-3.592857549,-93.91903842,3296,180.945,203.805,5.24793,0.63483825,tex,NaN,NaN,Lawrence,2020,https://doi.org/10.1029/2020PA003858,NaN,,NaN,0.220774277,0.028217446,0
ODP846,NaN,-3.095,-90.81833,-3.458060967,-92.93958667,-3.592857549,-93.91903842,3296,181.095,203.93,5.25,0.650449515,tex,NaN,NaN,Lawrence,2020,https://doi.org/10.1029/2020PA003858,NaN,,NaN,0.212063739,0.032554856,0
ODP846,NaN,-3.095,-90.81833,-3.458060967,-92.93958667,-3.592857549,-93.91903842,3296,181.245,204.075,5.2529,0.637270967,tex,NaN,NaN,Lawrence,2020,https://doi.org/10.1029/2020PA003858,NaN,,NaN,0.211184247,0.029666298,0
ODP846,NaN,-3.095,-90.81833,-3.458060967,-92.93958667,-3.592857549,-93.91903842,3296,181.395,204.215,5.2559,0.609942197,tex,NaN,NaN,Lawrence,2020,https://doi.org/10.1029/2020PA003858,NaN,,NaN,0.20613637,0.060770276,0
ODP846,NaN,-3.095,-90.81833,-3.458060967,-92.93958667,-3.592857549,-93.91903842,3296,181.545,204.365,5.2589,0.638600531,tex,NaN,NaN,Lawrence,2020,https://doi.org/10.1029/2020PA003858,NaN,,NaN,0.20948642,0.015505671,0
ODP846,NaN,-3.095,-90.81833,-3.458060967,-92.93958667,-3.592857549,-93.91903842,3296,181.695,204.577,5.26235,0.636313328,tex,NaN,NaN,Lawrence,2020,https://doi.org/10.1029/2020PA003858,NaN,,NaN,0.21068374,0.055446083,0
ODP846,NaN,-3.095,-90.81833,-3.458060967,-92.93958667,-3.592857549,-93.91903842,3296,181.845,204.785,5.26592,0.647714107,tex,NaN,NaN,Lawrence,2020,https://doi.org/10.1029/2020PA003858,NaN,,NaN,0.212157621,0.001933105,0
ODP846,NaN,-3.095,-90.81833,-3.458060967,-92.93958667,-3.592857549,-93.91903842,3296,181.995,204.957,5.26914,0.633688149,tex,NaN,NaN,Lawrence,2020,https://doi.org/10.1029/2020PA003858,NaN,,NaN,0.214150947,0.0223304,0
ODP846,NaN,-3.095,-90.81833,-3.458060967,-92.93958667,-3.592857549,-93.91903842,3296,182.145,205.16,5.273,0.615724631,tex,NaN,NaN,Lawrence,2020,https://doi.org/10.1029/2020PA003858,NaN,,NaN,0.220805377,0.037108032,0
ODP846,NaN,-3.095,-90.81833,-3.458060967,-92.93958667,-3.592857549,-93.91903842,3296,181.845,205.545,5.2789,0.626283434,tex,NaN,NaN,Lawrence,2020,https://doi.org/10.1029/2020PA003858,NaN,,NaN,0.195055506,0.058783838,0
ODP846,NaN,-3.095,-90.81833,-3.458060967,-92.93958667,-3.592857549,-93.91903842,3296,181.995,205.695,5.2819,0.630395285,tex,NaN,NaN,Lawrence,2020,https://doi.org/10.1029/2020PA003858,NaN,,NaN,0.19873311,0.004187409,0
ODP846,NaN,-3.095,-90.81833,-3.458060967,-92.93958667,-3.592857549,-93.91903842,3296,182.145,205.845,5.28395,0.646091254,tex,NaN,NaN,Lawrence,2020,https://doi.org/10.1029/2020PA003858,NaN,,NaN,0.197270662,0.002344779,0
ODP846,NaN,-3.095,-90.81833,-3.458060967,-92.93958667,-3.592857549,-93.91903842,3296,182.295,205.995,5.2866,0.655254884,tex,NaN,NaN,Lawrence,2020,https://doi.org/10.1029/2020PA003858,NaN,,NaN,0.188481395,0.023522099,0
ODP846,NaN,-3.095,-90.81833,-3.458060967,-92.93958667,-3.592857549,-93.91903842,3296,181.1,206.755,5.29989,0.618564271,tex,NaN,NaN,Lawrence,2020,https://doi.org/10.1029/2020PA003858,NaN,,NaN,0.205599432,0.007451031,0
ODP846,NaN,-3.095,-90.81833,-3.458060967,-92.93958667,-3.592857549,-93.91903842,3296,181.2,206.845,5.30189,0.642080212,tex,NaN,NaN,Lawrence,2020,https://doi.org/10.1029/2020PA003858,NaN,,NaN,0.209836604,0.044252552,0
ODP846,NaN,-3.095,-90.81833,-3.458060967,-92.93958667,-3.592857549,-93.91903842,3296,181.3,206.925,5.30388,0.639231837,tex,NaN,NaN,Lawrence,2020,https://doi.org/10.1029/2020PA003858,NaN,,NaN,0.208348466,0.026159684,0
ODP846,NaN,-3.095,-90.81833,-3.458060967,-92.93958667,-3.592857549,-93.91903842,3296,181.42,207.035,5.30591,0.672018216,tex,NaN,NaN,Lawrence,2020,https://doi.org/10.1029/2020PA003858,NaN,,NaN,0.181609231,0.039081557,0
ODP846,NaN,-3.095,-90.81833,-3.458060967,-92.93958667,-3.592857549,-93.91903842,3296,181.5,207.125,5.30883,0.678771276,tex,NaN,NaN,Lawrence,2020,https://doi.org/10.1029/2020PA003858,NaN,,NaN,0.195175752,0.065224875,0
ODP846,NaN,-3.095,-90.81833,-3.458060967,-92.93958667,-3.592857549,-93.91903842,3296,181.6,207.245,5.31188,0.661718425,tex,NaN,NaN,Lawrence,2020,https://doi.org/10.1029/2020PA003858,NaN,,NaN,0.197176896,0.040905955,0
ODP846,NaN,-3.095,-90.81833,-3.458060967,-92.93958667,-3.592857549,-93.91903842,3296,181.7,207.355,5.31486,0.646879527,tex,NaN,NaN,Lawrence,2020,https://doi.org/10.1029/2020PA003858,NaN,,NaN,0.195478279,0.045165161,0
ODP846,NaN,-3.095,-90.81833,-3.458060967,-92.93958667,-3.592857549,-93.91903842,3296,181.81,207.465,5.31786,0.656097136,tex,NaN,NaN,Lawrence,2020,https://doi.org/10.1029/2020PA003858,NaN,,NaN,0.198469166,0.035064074,0
ODP846,NaN,-3.095,-90.81833,-3.458060967,-92.93958667,-3.592857549,-93.91903842,3296,181.9,207.545,5.31988,0.652804115,tex,NaN,NaN,Lawrence,2020,https://doi.org/10.1029/2020PA003858,NaN,,NaN,0.184107798,0.028211286,0
ODP846,NaN,-3.095,-90.81833,-3.458060967,-92.93958667,-3.592857549,-93.91903842,3296,182,207.635,5.32189,0.663126122,tex,NaN,NaN,Lawrence,2020,https://doi.org/10.1029/2020PA003858,NaN,,NaN,0.187375628,0.075029067,0
ODP846,NaN,-3.095,-90.81833,-3.458060967,-92.93958667,-3.592857549,-93.91903842,3296,182.1,207.735,5.32485,0.64476784,tex,NaN,NaN,Lawrence,2020,https://doi.org/10.1029/2020PA003858,NaN,,NaN,0.20714073,0.029976381,0
ODP846,NaN,-3.095,-90.81833,-3.458060967,-92.93958667,-3.592857549,-93.91903842,3296,182.2,207.845,5.32691,0.656416218,tex,NaN,NaN,Lawrence,2020,https://doi.org/10.1029/2020PA003858,NaN,,NaN,0.19820721,0.06827344,0
ODP846,NaN,-3.095,-90.81833,-3.458060967,-92.93958667,-3.592857549,-93.91903842,3296,182.28,207.945,5.3301,0.653900361,tex,NaN,NaN,Lawrence,2020,https://doi.org/10.1029/2020PA003858,NaN,,NaN,0.195659593,0.053884681,0
ODP846,NaN,-3.095,-90.81833,-3.458060967,-92.93958667,-3.592857549,-93.91903842,3296,182.38,208.035,5.3319,0.641885499,tex,NaN,NaN,Lawrence,2020,https://doi.org/10.1029/2020PA003858,NaN,,NaN,0.204417597,0.007568105,0
ODP846,NaN,-3.095,-90.81833,-3.458060967,-92.93958667,-3.592857549,-93.91903842,3296,182.51,208.155,5.33583,0.58678,tex,NaN,NaN,Lawrence,2020,https://doi.org/10.1029/2020PA003858,NaN,,NaN,0.255546218,0.133921571,0
ODP846,NaN,-3.095,-90.81833,-3.458060967,-92.93958667,-3.592857549,-93.91903842,3296,182.6,208.245,5.3381,0.635432427,tex,NaN,NaN,Lawrence,2020,https://doi.org/10.1029/2020PA003858,NaN,,NaN,0.208050006,0.030751407,0
ODP846,NaN,-3.095,-90.81833,-3.458060967,-92.93958667,-3.592857549,-93.91903842,3296,182.7,208.335,5.3399,0.650179538,tex,NaN,NaN,Lawrence,2020,https://doi.org/10.1029/2020PA003858,NaN,,NaN,0.204758743,0.065890626,0
ODP846,NaN,-3.095,-90.81833,-3.458060967,-92.93958667,-3.592857549,-93.91903842,3296,182.8,208.445,5.34286,0.600671614,tex,NaN,NaN,Lawrence,2020,https://doi.org/10.1029/2020PA003858,NaN,,NaN,0.262517487,0.098129769,0
ODP846,NaN,-3.095,-90.81833,-3.458060967,-92.93958667,-3.592857549,-93.91903842,3296,182.9,208.565,5.34683,0.671024173,tex,NaN,NaN,Lawrence,2020,https://doi.org/10.1029/2020PA003858,NaN,,NaN,0.195850021,0.036450083,0
ODP846,NaN,-3.095,-90.81833,-3.458060967,-92.93958667,-3.592857549,-93.91903842,3296,183,208.665,5.34985,0.668614999,tex,NaN,NaN,Lawrence,2020,https://doi.org/10.1029/2020PA003858,NaN,,NaN,0.202494346,0.039768546,0
ODP846,NaN,-3.095,-90.81833,-3.458060967,-92.93958667,-3.592857549,-93.91903842,3296,183.09,208.745,5.35188,0.65042916,tex,NaN,NaN,Lawrence,2020,https://doi.org/10.1029/2020PA003858,NaN,,NaN,0.204373573,0.041256878,0
ODP846,NaN,-3.095,-90.81833,-3.458060967,-92.93958667,-3.592857549,-93.91903842,3296,183.19,208.825,5.35481,0.649639821,tex,NaN,NaN,Lawrence,2020,https://doi.org/10.1029/2020PA003858,NaN,,NaN,0.208700615,0.021001986,0
ODP846,NaN,-3.095,-90.81833,-3.458060967,-92.93958667,-3.592857549,-93.91903842,3296,183.29,208.915,5.35689,0.653299955,tex,NaN,NaN,Lawrence,2020,https://doi.org/10.1029/2020PA003858,NaN,,NaN,0.206504136,0.035654284,0
ODP846,NaN,-3.095,-90.81833,-3.458060967,-92.93958667,-3.592857549,-93.91903842,3296,183.4,209.055,5.36115,0.649154749,tex,NaN,NaN,Lawrence,2020,https://doi.org/10.1029/2020PA003858,NaN,,NaN,0.206124079,0.016963773,0
ODP846,NaN,-3.095,-90.81833,-3.458060967,-92.93958667,-3.592857549,-93.91903842,3296,183.5,209.175,5.36485,0.661908146,tex,NaN,NaN,Lawrence,2020,https://doi.org/10.1029/2020PA003858,NaN,,NaN,0.202834933,0.094044185,0
ODP846,NaN,-3.095,-90.81833,-3.458060967,-92.93958667,-3.592857549,-93.91903842,3296,183.6,209.285,5.36882,0.668893897,tex,NaN,NaN,Lawrence,2020,https://doi.org/10.1029/2020PA003858,NaN,,NaN,0.205860037,0.082524739,0
ODP846,NaN,-3.095,-90.81833,-3.458060967,-92.93958667,-3.592857549,-93.91903842,3296,183.7,209.365,5.37088,0.671185932,tex,NaN,NaN,Lawrence,2020,https://doi.org/10.1029/2020PA003858,NaN,,NaN,0.201236112,0.017440584,0
ODP846,NaN,-3.095,-90.81833,-3.458060967,-92.93958667,-3.592857549,-93.91903842,3296,184.095,209.365,5.37088,0.649738295,tex,NaN,NaN,Lawrence,2020,https://doi.org/10.1029/2020PA003858,NaN,,NaN,0.213400758,0.003121336,0
ODP846,NaN,-3.095,-90.81833,-3.458060967,-92.93958667,-3.592857549,-93.91903842,3296,184.245,209.565,5.37683,0.639774761,tex,NaN,NaN,Lawrence,2020,https://doi.org/10.1029/2020PA003858,NaN,,NaN,0.208506941,0.003382839,0
ODP846,NaN,-3.095,-90.81833,-3.458060967,-92.93958667,-3.592857549,-93.91903842,3296,184.395,209.739,5.38235,0.621984059,tex,NaN,NaN,Lawrence,2020,https://doi.org/10.1029/2020PA003858,NaN,,NaN,0.213226057,0.014695511,0
ODP846,NaN,-3.095,-90.81833,-3.458060967,-92.93958667,-3.592857549,-93.91903842,3296,184.545,209.875,5.38588,0.633650864,tex,NaN,NaN,Lawrence,2020,https://doi.org/10.1029/2020PA003858,NaN,,NaN,0.204268253,0.006596978,0
ODP846,NaN,-3.095,-90.81833,-3.458060967,-92.93958667,-3.592857549,-93.91903842,3296,184.695,209.99,5.38935,0.635209585,tex,NaN,NaN,Lawrence,2020,https://doi.org/10.1029/2020PA003858,NaN,,NaN,0.205879154,0.006511548,0
ODP846,NaN,-3.095,-90.81833,-3.458060967,-92.93958667,-3.592857549,-93.91903842,3296,184.845,210.135,5.3929,0.652506777,tex,NaN,NaN,Lawrence,2020,https://doi.org/10.1029/2020PA003858,NaN,,NaN,0.198593294,0.013892887,0
ODP846,NaN,-3.095,-90.81833,-3.458060967,-92.93958667,-3.592857549,-93.91903842,3296,184.995,210.285,5.3949,0.663049222,tex,NaN,NaN,Lawrence,2020,https://doi.org/10.1029/2020PA003858,NaN,,NaN,0.202798383,0.02257267,0
ODP846,NaN,-3.095,-90.81833,-3.458060967,-92.93958667,-3.592857549,-93.91903842,3296,185.145,210.435,5.39695,0.661042941,tex,NaN,NaN,Lawrence,2020,https://doi.org/10.1029/2020PA003858,NaN,,NaN,0.199329855,0.008833933,0
ODP846,NaN,-3.095,-90.81833,-3.458060967,-92.93958667,-3.592857549,-93.91903842,3296,185.295,210.6,5.3989,0.657886089,tex,NaN,NaN,Lawrence,2020,https://doi.org/10.1029/2020PA003858,NaN,,NaN,0.203603826,0.041449094,0
ODP846,NaN,-3.095,-90.81833,-3.458060967,-92.93958667,-3.592857549,-93.91903842,3296,185.445,210.755,5.40095,0.642154666,tex,NaN,NaN,Lawrence,2020,https://doi.org/10.1029/2020PA003858,NaN,,NaN,0.210584728,0.044677037,0
ODP846,NaN,-3.095,-90.81833,-3.458060967,-92.93958667,-3.592857549,-93.91903842,3296,185.595,210.903,5.40345,0.639299393,tex,NaN,NaN,Lawrence,2020,https://doi.org/10.1029/2020PA003858,NaN,,NaN,0.205460199,0.024287045,0
ODP846,NaN,-3.095,-90.81833,-3.458060967,-92.93958667,-3.592857549,-93.91903842,3296,185.745,211.045,5.40495,0.648845199,tex,NaN,NaN,Lawrence,2020,https://doi.org/10.1029/2020PA003858,NaN,,NaN,0.212465774,0.015088281,0
ODP846,NaN,-3.095,-90.81833,-3.458060967,-92.93958667,-3.592857549,-93.91903842,3296,185.895,211.195,5.4069,0.636221364,tex,NaN,NaN,Lawrence,2020,https://doi.org/10.1029/2020PA003858,NaN,,NaN,0.203791092,0.012320084,0
ODP846,NaN,-3.095,-90.81833,-3.458060967,-92.93958667,-3.592857549,-93.91903842,3296,186.045,211.345,5.40895,0.628648993,tex,NaN,NaN,Lawrence,2020,https://doi.org/10.1029/2020PA003858,NaN,,NaN,0.201709088,0.028671291,0
ODP846,NaN,-3.095,-90.81833,-3.458060967,-92.93958667,-3.592857549,-93.91903842,3296,186.195,211.495,5.41145,0.619075184,tex,NaN,NaN,Lawrence,2020,https://doi.org/10.1029/2020PA003858,NaN,,NaN,0.214601525,0.00850982,0
ODP846,NaN,-3.095,-90.81833,-3.458060967,-92.93958667,-3.592857549,-93.91903842,3296,186.345,211.655,5.41295,0.630194013,tex,NaN,NaN,Lawrence,2020,https://doi.org/10.1029/2020PA003858,NaN,,NaN,0.209160253,0.020014413,0
ODP846,NaN,-3.095,-90.81833,-3.458060967,-92.93958667,-3.592857549,-93.91903842,3296,186.495,211.805,5.41635,0.625061252,tex,NaN,NaN,Lawrence,2020,https://doi.org/10.1029/2020PA003858,NaN,,NaN,0.209991246,0.027868803,0
ODP846,NaN,-3.095,-90.81833,-3.458060967,-92.93958667,-3.592857549,-93.91903842,3296,186.645,211.955,5.4199,0.635009205,tex,NaN,NaN,Lawrence,2020,https://doi.org/10.1029/2020PA003858,NaN,,NaN,0.223415799,0.067829682,0
ODP846,NaN,-3.095,-90.81833,-3.458060967,-92.93958667,-3.592857549,-93.91903842,3296,186.795,212.095,5.42335,0.639665603,tex,NaN,NaN,Lawrence,2020,https://doi.org/10.1029/2020PA003858,NaN,,NaN,0.209424521,0.01541071,0
ODP846,NaN,-3.095,-90.81833,-3.458060967,-92.93958667,-3.592857549,-93.91903842,3296,186.945,212.245,5.4269,0.633377392,tex,NaN,NaN,Lawrence,2020,https://doi.org/10.1029/2020PA003858,NaN,,NaN,0.232771164,0.006739282,0
ODP846,NaN,-3.095,-90.81833,-3.458060967,-92.93958667,-3.592857549,-93.91903842,3296,187.095,212.405,5.4309,0.60325326,tex,NaN,NaN,Lawrence,2020,https://doi.org/10.1029/2020PA003858,NaN,,NaN,0.243562577,0.099783037,0
ODP846,NaN,-3.095,-90.81833,-3.458060967,-92.93958667,-3.592857549,-93.91903842,3296,187.245,212.555,5.43485,0.640930396,tex,NaN,NaN,Lawrence,2020,https://doi.org/10.1029/2020PA003858,NaN,,NaN,0.201626908,0.015861079,0
ODP846,NaN,-3.095,-90.81833,-3.458060967,-92.93958667,-3.592857549,-93.91903842,3296,187.395,212.686,5.4379,0.648780088,tex,NaN,NaN,Lawrence,2020,https://doi.org/10.1029/2020PA003858,NaN,,NaN,0.204561531,0.012965143,0
ODP846,NaN,-3.095,-90.81833,-3.458060967,-92.93958667,-3.592857549,-93.91903842,3296,187.545,212.815,5.44089,0.664130747,tex,NaN,NaN,Lawrence,2020,https://doi.org/10.1029/2020PA003858,NaN,,NaN,0.197297627,0.025572203,0
ODP846,NaN,-3.095,-90.81833,-3.458060967,-92.93958667,-3.592857549,-93.91903842,3296,187.695,212.97,5.44535,0.637469978,tex,NaN,NaN,Lawrence,2020,https://doi.org/10.1029/2020PA003858,NaN,,NaN,0.213310574,0.038258149,0
ODP846,NaN,-3.095,-90.81833,-3.458060967,-92.93958667,-3.592857549,-93.91903842,3296,187.845,213.145,5.44988,0.627975215,tex,NaN,NaN,Lawrence,2020,https://doi.org/10.1029/2020PA003858,NaN,,NaN,0.207932213,0.001110525,0
ODP846,NaN,-3.095,-90.81833,-3.458060967,-92.93958667,-3.592857549,-93.91903842,3296,187.995,213.3,5.4539,0.638368052,tex,NaN,NaN,Lawrence,2020,https://doi.org/10.1029/2020PA003858,NaN,,NaN,0.203725787,0.029964953,0
ODP846,NaN,-3.095,-90.81833,-3.458060967,-92.93958667,-3.592857549,-93.91903842,3296,188.135,213.425,5.45667,0.634251707,tex,NaN,NaN,Lawrence,2020,https://doi.org/10.1029/2020PA003858,NaN,,NaN,0.224116113,0.033400942,0
ODP846,NaN,-3.095,-90.81833,-3.458060967,-92.93958667,-3.592857549,-93.91903842,3296,188.295,213.579,5.4599,0.674038188,tex,NaN,NaN,Lawrence,2020,https://doi.org/10.1029/2020PA003858,NaN,,NaN,0.195794915,0.013353069,0
ODP846,NaN,-3.095,-90.81833,-3.458060967,-92.93958667,-3.592857549,-93.91903842,3296,188.435,213.745,5.46363,0.63689139,tex,NaN,NaN,Lawrence,2020,https://doi.org/10.1029/2020PA003858,NaN,,NaN,0.210967639,0.019754346,0
ODP846,NaN,-3.095,-90.81833,-3.458060967,-92.93958667,-3.592857549,-93.91903842,3296,188.595,213.915,5.4669,0.620176904,tex,NaN,NaN,Lawrence,2020,https://doi.org/10.1029/2020PA003858,NaN,,NaN,0.208634843,0.008218922,0
ODP846,NaN,-3.095,-90.81833,-3.458060967,-92.93958667,-3.592857549,-93.91903842,3296,188.745,214.045,5.46988,0.629784634,tex,NaN,NaN,Lawrence,2020,https://doi.org/10.1029/2020PA003858,NaN,,NaN,0.216160657,0.00288603,0
ODP846,NaN,-3.095,-90.81833,-3.458060967,-92.93958667,-3.592857549,-93.91903842,3296,189.045,214.345,5.47591,0.671438525,tex,NaN,NaN,Lawrence,2020,https://doi.org/10.1029/2020PA003858,NaN,,NaN,0.198323236,0.03106776,0
ODP846,NaN,-3.095,-90.81833,-3.458060967,-92.93958667,-3.592857549,-93.91903842,3296,189.195,214.525,5.4799,0.622970053,tex,NaN,NaN,Lawrence,2020,https://doi.org/10.1029/2020PA003858,NaN,,NaN,0.208951611,0.069026963,0
ODP846,NaN,-3.095,-90.81833,-3.458060967,-92.93958667,-3.592857549,-93.91903842,3296,189.345,214.665,5.48289,0.629960245,tex,NaN,NaN,Lawrence,2020,https://doi.org/10.1029/2020PA003858,NaN,,NaN,0.197385167,0.009226492,0
ODP846,NaN,-3.095,-90.81833,-3.458060967,-92.93958667,-3.592857549,-93.91903842,3296,189.495,214.791,5.48545,0.642053081,tex,NaN,NaN,Lawrence,2020,https://doi.org/10.1029/2020PA003858,NaN,,NaN,0.204201967,0.023011697,0
ODP846,NaN,-3.095,-90.81833,-3.458060967,-92.93958667,-3.592857549,-93.91903842,3296,189.645,214.935,5.4879,0.633148719,tex,NaN,NaN,Lawrence,2020,https://doi.org/10.1029/2020PA003858,NaN,,NaN,0.214530553,0.016029323,0
ODP846,NaN,-3.095,-90.81833,-3.458060967,-92.93958667,-3.592857549,-93.91903842,3296,189.795,215.09,5.49123,0.627876255,tex,NaN,NaN,Lawrence,2020,https://doi.org/10.1029/2020PA003858,NaN,,NaN,0.207960487,0.08467818,0
ODP846,NaN,-3.095,-90.81833,-3.458060967,-92.93958667,-3.592857549,-93.91903842,3296,189.945,215.245,5.49475,0.605551663,tex,NaN,NaN,Lawrence,2020,https://doi.org/10.1029/2020PA003858,NaN,,NaN,0.213069658,0.031773911,0
ODP846,NaN,-3.095,-90.81833,-3.458060967,-92.93958667,-3.592857549,-93.91903842,3296,190.095,215.375,5.4975,0.626671048,tex,NaN,NaN,Lawrence,2020,https://doi.org/10.1029/2020PA003858,NaN,,NaN,0.212631958,0.002819906,0
ODP846,NaN,-3.095,-90.81833,-3.458060967,-92.93958667,-3.592857549,-93.91903842,3296,190.245,215.525,5.50106,0.63005847,tex,NaN,NaN,Lawrence,2020,https://doi.org/10.1029/2020PA003858,NaN,,NaN,0.214156246,0.009635738,0
ODP846,NaN,-3.095,-90.81833,-3.458060967,-92.93958667,-3.592857549,-93.91903842,3296,190.395,215.675,5.50367,0.627627202,tex,NaN,NaN,Lawrence,2020,https://doi.org/10.1029/2020PA003858,NaN,,NaN,0.206761341,0.077532843,0
ODP846,NaN,-3.095,-90.81833,-3.458060967,-92.93958667,-3.592857549,-93.91903842,3296,190.545,215.825,5.50683,0.640587429,tex,NaN,NaN,Lawrence,2020,https://doi.org/10.1029/2020PA003858,NaN,,NaN,0.20487363,0.04490558,0
ODP846,NaN,-3.095,-90.81833,-3.458060967,-92.93958667,-3.592857549,-93.91903842,3296,190.695,216.028,5.51245,0.656072638,tex,NaN,NaN,Lawrence,2020,https://doi.org/10.1029/2020PA003858,NaN,,NaN,0.198014071,0.070242152,0
ODP846,NaN,-3.095,-90.81833,-3.458060967,-92.93958667,-3.592857549,-93.91903842,3296,190.845,216.125,5.51529,0.658130376,tex,NaN,NaN,Lawrence,2020,https://doi.org/10.1029/2020PA003858,NaN,,NaN,0.199316521,0.057727736,0
ODP846,NaN,-3.095,-90.81833,-3.458060967,-92.93958667,-3.592857549,-93.91903842,3296,190.995,216.275,5.51944,0.628589004,tex,NaN,NaN,Lawrence,2020,https://doi.org/10.1029/2020PA003858,NaN,,NaN,0.204028853,0.067739363,0
ODP846,NaN,-3.095,-90.81833,-3.458060967,-92.93958667,-3.592857549,-93.91903842,3296,191.145,216.425,5.52375,0.614686878,tex,NaN,NaN,Lawrence,2020,https://doi.org/10.1029/2020PA003858,NaN,,NaN,0.196799013,0.052232078,0
ODP846,NaN,-3.095,-90.81833,-3.458060967,-92.93958667,-3.592857549,-93.91903842,3296,191.295,216.575,5.52767,0.616325968,tex,NaN,NaN,Lawrence,2020,https://doi.org/10.1029/2020PA003858,NaN,,NaN,0.216385396,0.079378306,0
ODP846,NaN,-3.095,-90.81833,-3.458060967,-92.93958667,-3.592857549,-93.91903842,3296,189.695,216.65,5.52909,0.649935198,tex,NaN,NaN,Lawrence,2020,https://doi.org/10.1029/2020PA003858,NaN,,NaN,0.206953972,0.024528214,0
ODP846,NaN,-3.095,-90.81833,-3.458060967,-92.93958667,-3.592857549,-93.91903842,3296,189.845,216.795,5.53095,0.632417566,tex,NaN,NaN,Lawrence,2020,https://doi.org/10.1029/2020PA003858,NaN,,NaN,0.211588957,0.041043816,0
ODP846,NaN,-3.095,-90.81833,-3.458060967,-92.93958667,-3.592857549,-93.91903842,3296,189.995,216.945,5.53383,0.607593212,tex,NaN,NaN,Lawrence,2020,https://doi.org/10.1029/2020PA003858,NaN,,NaN,0.193828933,0.113548778,0
ODP846,NaN,-3.095,-90.81833,-3.458060967,-92.93958667,-3.592857549,-93.91903842,3296,190.145,217.095,5.53605,0.590505748,tex,NaN,NaN,Lawrence,2020,https://doi.org/10.1029/2020PA003858,NaN,,NaN,0.201549641,0.071772063,0
ODP846,NaN,-3.095,-90.81833,-3.458060967,-92.93958667,-3.592857549,-93.91903842,3296,190.295,217.25,5.538,0.583564152,tex,NaN,NaN,Lawrence,2020,https://doi.org/10.1029/2020PA003858,NaN,,NaN,0.213414331,0.041667587,0
ODP846,NaN,-3.095,-90.81833,-3.458060967,-92.93958667,-3.592857549,-93.91903842,3296,190.445,217.395,5.54009,0.585870987,tex,NaN,NaN,Lawrence,2020,https://doi.org/10.1029/2020PA003858,NaN,,NaN,0.216366182,0.090312586,0
ODP846,NaN,-3.095,-90.81833,-3.458060967,-92.93958667,-3.592857549,-93.91903842,3296,190.585,217.545,5.5425,0.638481841,tex,NaN,NaN,Lawrence,2020,https://doi.org/10.1029/2020PA003858,NaN,,NaN,0.212602558,0.07005461,0
ODP846,NaN,-3.095,-90.81833,-3.458060967,-92.93958667,-3.592857549,-93.91903842,3296,190.745,217.695,5.54491,0.635339657,tex,NaN,NaN,Lawrence,2020,https://doi.org/10.1029/2020PA003858,NaN,,NaN,0.210250973,0.070932286,0
ODP846,NaN,-3.095,-90.81833,-3.458060967,-92.93958667,-3.592857549,-93.91903842,3296,190.895,217.845,5.5471,0.640915289,tex,NaN,NaN,Lawrence,2020,https://doi.org/10.1029/2020PA003858,NaN,,NaN,0.205481077,0.054852024,0
ODP846,NaN,-3.095,-90.81833,-3.458060967,-92.93958667,-3.592857549,-93.91903842,3296,191.045,218.005,5.55011,0.647345379,tex,NaN,NaN,Lawrence,2020,https://doi.org/10.1029/2020PA003858,NaN,,NaN,0.207626102,0.001327054,0
ODP846,NaN,-3.095,-90.81833,-3.458060967,-92.93958667,-3.592857549,-93.91903842,3296,191.185,218.145,5.553,0.630656369,tex,NaN,NaN,Lawrence,2020,https://doi.org/10.1029/2020PA003858,NaN,,NaN,0.204247935,0.034942731,0
ODP846,NaN,-3.095,-90.81833,-3.458060967,-92.93958667,-3.592857549,-93.91903842,3296,191.485,218.445,5.5589,0.623060716,tex,NaN,NaN,Lawrence,2020,https://doi.org/10.1029/2020PA003858,NaN,,NaN,0.203336204,0.02953354,0
ODP846,NaN,-3.095,-90.81833,-3.458060967,-92.93958667,-3.592857549,-93.91903842,3296,191.635,218.595,5.56242,0.630408889,tex,NaN,NaN,Lawrence,2020,https://doi.org/10.1029/2020PA003858,NaN,,NaN,0.215701317,0.051174793,0
ODP846,NaN,-3.095,-90.81833,-3.458060967,-92.93958667,-3.592857549,-93.91903842,3296,191.785,218.745,5.5651,0.630532825,tex,NaN,NaN,Lawrence,2020,https://doi.org/10.1029/2020PA003858,NaN,,NaN,0.210666074,0.075978471,0
ODP846,NaN,-3.095,-90.81833,-3.458060967,-92.93958667,-3.592857549,-93.91903842,3296,192.095,219.045,5.57056,0.597654438,tex,NaN,NaN,Lawrence,2020,https://doi.org/10.1029/2020PA003858,NaN,,NaN,0.216326646,0.084383373,0
ODP846,NaN,-3.095,-90.81833,-3.458060967,-92.93958667,-3.592857549,-93.91903842,3296,192.245,219.195,5.57292,0.60147607,tex,NaN,NaN,Lawrence,2020,https://doi.org/10.1029/2020PA003858,NaN,,NaN,0.209340953,0.028355992,0
ODP846,NaN,-3.095,-90.81833,-3.458060967,-92.93958667,-3.592857549,-93.91903842,3296,192.395,219.345,5.5749,0.621557107,tex,NaN,NaN,Lawrence,2020,https://doi.org/10.1029/2020PA003858,NaN,,NaN,0.219649562,0.03678639,0
ODP846,NaN,-3.095,-90.81833,-3.458060967,-92.93958667,-3.592857549,-93.91903842,3296,192.545,219.495,5.57695,0.619277875,tex,NaN,NaN,Lawrence,2020,https://doi.org/10.1029/2020PA003858,NaN,,NaN,0.2063691,0.026248387,0
ODP846,NaN,-3.095,-90.81833,-3.458060967,-92.93958667,-3.592857549,-93.91903842,3296,192.695,219.645,5.57882,0.619360689,tex,NaN,NaN,Lawrence,2020,https://doi.org/10.1029/2020PA003858,NaN,,NaN,0.207148,0.038320224,0
ODP846,NaN,-3.095,-90.81833,-3.458060967,-92.93958667,-3.592857549,-93.91903842,3296,192.845,219.795,5.58109,0.6260552,tex,NaN,NaN,Lawrence,2020,https://doi.org/10.1029/2020PA003858,NaN,,NaN,0.209951812,0.030991992,0
ODP846,NaN,-3.095,-90.81833,-3.458060967,-92.93958667,-3.592857549,-93.91903842,3296,192.995,219.945,5.58345,0.633220056,tex,NaN,NaN,Lawrence,2020,https://doi.org/10.1029/2020PA003858,NaN,,NaN,0.205266291,0.004427285,0
ODP846,NaN,-3.095,-90.81833,-3.458060967,-92.93958667,-3.592857549,-93.91903842,3296,193.145,220.095,5.5851,0.61851034,tex,NaN,NaN,Lawrence,2020,https://doi.org/10.1029/2020PA003858,NaN,,NaN,0.203055934,0.016797015,0
ODP846,NaN,-3.095,-90.81833,-3.458060967,-92.93958667,-3.592857549,-93.91903842,3296,193.295,220.245,5.58755,0.636885342,tex,NaN,NaN,Lawrence,2020,https://doi.org/10.1029/2020PA003858,NaN,,NaN,0.206515157,0.07515554,0
ODP846,NaN,-3.095,-90.81833,-3.458060967,-92.93958667,-3.592857549,-93.91903842,3296,193.595,220.545,5.5915,0.612806669,tex,NaN,NaN,Lawrence,2020,https://doi.org/10.1029/2020PA003858,NaN,,NaN,0.221304947,0.042923282,0
ODP846,NaN,-3.095,-90.81833,-3.458060967,-92.93958667,-3.592857549,-93.91903842,3296,193.745,220.695,5.59295,0.62450511,tex,NaN,NaN,Lawrence,2020,https://doi.org/10.1029/2020PA003858,NaN,,NaN,0.196869488,0.006857027,0
ODP846,NaN,-3.095,-90.81833,-3.458060967,-92.93958667,-3.592857549,-93.91903842,3296,193.895,220.845,5.59458,0.63111655,tex,NaN,NaN,Lawrence,2020,https://doi.org/10.1029/2020PA003858,NaN,,NaN,0.200046358,0.056141378,0
ODP846,NaN,-3.095,-90.81833,-3.458060967,-92.93958667,-3.592857549,-93.91903842,3296,194.045,220.995,5.5969,0.632395139,tex,NaN,NaN,Lawrence,2020,https://doi.org/10.1029/2020PA003858,NaN,,NaN,0.201714741,0.028418215,0
ODP846,NaN,-3.095,-90.81833,-3.458060967,-92.93958667,-3.592857549,-93.91903842,3296,194.195,221.145,5.59835,0.616319099,tex,NaN,NaN,Lawrence,2020,https://doi.org/10.1029/2020PA003858,NaN,,NaN,0.208968133,0.024280297,0
ODP846,NaN,-3.095,-90.81833,-3.458060967,-92.93958667,-3.592857549,-93.91903842,3296,194.355,221.305,5.60005,0.617695206,tex,NaN,NaN,Lawrence,2020,https://doi.org/10.1029/2020PA003858,NaN,,NaN,0.201776063,0.037498404,0
ODP846,NaN,-3.095,-90.81833,-3.458060967,-92.93958667,-3.592857549,-93.91903842,3296,194.495,221.445,5.60182,0.624548687,tex,NaN,NaN,Lawrence,2020,https://doi.org/10.1029/2020PA003858,NaN,,NaN,0.210862332,0.040590158,0
ODP846,NaN,-3.095,-90.81833,-3.458060967,-92.93958667,-3.592857549,-93.91903842,3296,194.655,221.605,5.60415,0.634686797,tex,NaN,NaN,Lawrence,2020,https://doi.org/10.1029/2020PA003858,NaN,,NaN,0.194705947,0.038296193,0
ODP846,NaN,-3.095,-90.81833,-3.458060967,-92.93958667,-3.592857549,-93.91903842,3296,194.815,221.765,5.60568,0.647669495,tex,NaN,NaN,Lawrence,2020,https://doi.org/10.1029/2020PA003858,NaN,,NaN,0.20174812,0.022240168,0
ODP846,NaN,-3.095,-90.81833,-3.458060967,-92.93958667,-3.592857549,-93.91903842,3296,194.955,221.905,5.60805,0.638010499,tex,NaN,NaN,Lawrence,2020,https://doi.org/10.1029/2020PA003858,NaN,,NaN,0.199577301,0.001192377,0
ODP846,NaN,-3.095,-90.81833,-3.458060967,-92.93958667,-3.592857549,-93.91903842,3296,195.095,222.045,5.6095,0.634571586,tex,NaN,NaN,Lawrence,2020,https://doi.org/10.1029/2020PA003858,NaN,,NaN,0.21486902,0.052648381,0
ODP846,NaN,-3.095,-90.81833,-3.458060967,-92.93958667,-3.592857549,-93.91903842,3296,195.245,222.195,5.61095,0.626410965,tex,NaN,NaN,Lawrence,2020,https://doi.org/10.1029/2020PA003858,NaN,,NaN,0.205799823,0.018332547,0
ODP846,NaN,-3.095,-90.81833,-3.458060967,-92.93958667,-3.592857549,-93.91903842,3296,195.395,222.345,5.6129,0.636861039,tex,NaN,NaN,Lawrence,2020,https://doi.org/10.1029/2020PA003858,NaN,,NaN,0.206753166,0.056621811,0
ODP846,NaN,-3.095,-90.81833,-3.458060967,-92.93958667,-3.592857549,-93.91903842,3296,195.545,222.495,5.61495,0.630678098,tex,NaN,NaN,Lawrence,2020,https://doi.org/10.1029/2020PA003858,NaN,,NaN,0.206399795,0.039554037,0
ODP846,NaN,-3.095,-90.81833,-3.458060967,-92.93958667,-3.592857549,-93.91903842,3296,195.685,222.635,5.61632,0.624078721,tex,NaN,NaN,Lawrence,2020,https://doi.org/10.1029/2020PA003858,NaN,,NaN,0.207366761,0.010820651,0
ODP846,NaN,-3.095,-90.81833,-3.458060967,-92.93958667,-3.592857549,-93.91903842,3296,195.845,222.795,5.61889,0.610769454,tex,NaN,NaN,Lawrence,2020,https://doi.org/10.1029/2020PA003858,NaN,,NaN,0.218342099,0.022284703,0
ODP846,NaN,-3.095,-90.81833,-3.458060967,-92.93958667,-3.592857549,-93.91903842,3296,195.995,222.935,5.62045,0.63035857,tex,NaN,NaN,Lawrence,2020,https://doi.org/10.1029/2020PA003858,NaN,,NaN,0.202186099,0.006123079,0
ODP846,NaN,-3.095,-90.81833,-3.458060967,-92.93958667,-3.592857549,-93.91903842,3296,196.145,223.085,5.62205,0.631200197,tex,NaN,NaN,Lawrence,2020,https://doi.org/10.1029/2020PA003858,NaN,,NaN,0.218052646,0.032225914,0
ODP846,NaN,-3.095,-90.81833,-3.458060967,-92.93958667,-3.592857549,-93.91903842,3296,196.295,223.235,5.62392,0.649127366,tex,NaN,NaN,Lawrence,2020,https://doi.org/10.1029/2020PA003858,NaN,,NaN,0.215310891,0.011668722,0
ODP846,NaN,-3.095,-90.81833,-3.458060967,-92.93958667,-3.592857549,-93.91903842,3296,196.445,223.385,5.62682,0.66806431,tex,NaN,NaN,Lawrence,2020,https://doi.org/10.1029/2020PA003858,NaN,,NaN,0.206900761,0.064771328,0
ODP846,NaN,-3.095,-90.81833,-3.458060967,-92.93958667,-3.592857549,-93.91903842,3296,192.945,223.435,5.62789,0.647130055,tex,NaN,NaN,Lawrence,2020,https://doi.org/10.1029/2020PA003858,NaN,,NaN,0.19245871,0.080970499,0
ODP846,NaN,-3.095,-90.81833,-3.458060967,-92.93958667,-3.592857549,-93.91903842,3296,193.095,223.555,5.6305,0.622554445,tex,NaN,NaN,Lawrence,2020,https://doi.org/10.1029/2020PA003858,NaN,,NaN,0.19630585,0.041290278,0
ODP846,NaN,-3.095,-90.81833,-3.458060967,-92.93958667,-3.592857549,-93.91903842,3296,193.245,223.645,5.63192,0.613932615,tex,NaN,NaN,Lawrence,2020,https://doi.org/10.1029/2020PA003858,NaN,,NaN,0.20503618,0.07526305,0
ODP846,NaN,-3.095,-90.81833,-3.458060967,-92.93958667,-3.592857549,-93.91903842,3296,193.395,223.8,5.6355,0.610163461,tex,NaN,NaN,Lawrence,2020,https://doi.org/10.1029/2020PA003858,NaN,,NaN,0.208191412,0.053836836,0
ODP846,NaN,-3.095,-90.81833,-3.458060967,-92.93958667,-3.592857549,-93.91903842,3296,193.545,224.015,5.63991,0.615319996,tex,NaN,NaN,Lawrence,2020,https://doi.org/10.1029/2020PA003858,NaN,,NaN,0.197498235,0.061569641,0
ODP846,NaN,-3.095,-90.81833,-3.458060967,-92.93958667,-3.592857549,-93.91903842,3296,193.695,224.24,5.645,0.637678185,tex,NaN,NaN,Lawrence,2020,https://doi.org/10.1029/2020PA003858,NaN,,NaN,0.199238552,0.047477215,0
ODP846,NaN,-3.095,-90.81833,-3.458060967,-92.93958667,-3.592857549,-93.91903842,3296,193.845,224.395,5.6479,0.62440819,tex,NaN,NaN,Lawrence,2020,https://doi.org/10.1029/2020PA003858,NaN,,NaN,0.204865723,0.04322332,0
ODP846,NaN,-3.095,-90.81833,-3.458060967,-92.93958667,-3.592857549,-93.91903842,3296,193.995,224.55,5.651,0.625996569,tex,NaN,NaN,Lawrence,2020,https://doi.org/10.1029/2020PA003858,NaN,,NaN,0.204948673,0.006114305,0
ODP846,NaN,-3.095,-90.81833,-3.458060967,-92.93958667,-3.592857549,-93.91903842,3296,194.145,224.705,5.65391,0.609146777,tex,NaN,NaN,Lawrence,2020,https://doi.org/10.1029/2020PA003858,NaN,,NaN,0.206661906,0.040202974,0
ODP846,NaN,-3.095,-90.81833,-3.458060967,-92.93958667,-3.592857549,-93.91903842,3296,194.295,224.865,5.657,0.616179635,tex,NaN,NaN,Lawrence,2020,https://doi.org/10.1029/2020PA003858,NaN,,NaN,0.20334982,0.028585272,0
ODP846,NaN,-3.095,-90.81833,-3.458060967,-92.93958667,-3.592857549,-93.91903842,3296,194.445,225.015,5.6599,0.629380414,tex,NaN,NaN,Lawrence,2020,https://doi.org/10.1029/2020PA003858,NaN,,NaN,0.197160996,0.022217711,0
ODP846,NaN,-3.095,-90.81833,-3.458060967,-92.93958667,-3.592857549,-93.91903842,3296,194.595,225.165,5.663,0.635032896,tex,NaN,NaN,Lawrence,2020,https://doi.org/10.1029/2020PA003858,NaN,,NaN,0.207138064,0.034256846,0
ODP846,NaN,-3.095,-90.81833,-3.458060967,-92.93958667,-3.592857549,-93.91903842,3296,194.745,225.295,5.66589,0.645273544,tex,NaN,NaN,Lawrence,2020,https://doi.org/10.1029/2020PA003858,NaN,,NaN,0.20300873,0.017954881,0
ODP846,NaN,-3.095,-90.81833,-3.458060967,-92.93958667,-3.592857549,-93.91903842,3296,194.895,225.445,5.669,0.631062015,tex,NaN,NaN,Lawrence,2020,https://doi.org/10.1029/2020PA003858,NaN,,NaN,0.206180484,0.010965507,0
ODP846,NaN,-3.095,-90.81833,-3.458060967,-92.93958667,-3.592857549,-93.91903842,3296,195.045,225.585,5.67095,0.605563986,tex,NaN,NaN,Lawrence,2020,https://doi.org/10.1029/2020PA003858,NaN,,NaN,0.21201372,0.037951877,0
ODP846,NaN,-3.095,-90.81833,-3.458060967,-92.93958667,-3.592857549,-93.91903842,3296,195.195,225.725,5.6739,0.60872539,tex,NaN,NaN,Lawrence,2020,https://doi.org/10.1029/2020PA003858,NaN,,NaN,0.203948849,0.01975668,0
ODP846,NaN,-3.095,-90.81833,-3.458060967,-92.93958667,-3.592857549,-93.91903842,3296,195.345,225.865,5.67689,0.618678898,tex,NaN,NaN,Lawrence,2020,https://doi.org/10.1029/2020PA003858,NaN,,NaN,0.203722741,0.014531029,0
ODP846,NaN,-3.095,-90.81833,-3.458060967,-92.93958667,-3.592857549,-93.91903842,3296,195.495,226.035,5.68,0.620073595,tex,NaN,NaN,Lawrence,2020,https://doi.org/10.1029/2020PA003858,NaN,,NaN,0.207237997,0.027756382,0
ODP846,NaN,-3.095,-90.81833,-3.458060967,-92.93958667,-3.592857549,-93.91903842,3296,195.645,226.205,5.68388,0.627855207,tex,NaN,NaN,Lawrence,2020,https://doi.org/10.1029/2020PA003858,NaN,,NaN,0.204173111,0.042177248,0
ODP846,NaN,-3.095,-90.81833,-3.458060967,-92.93958667,-3.592857549,-93.91903842,3296,195.795,226.39,5.6885,0.623121455,tex,NaN,NaN,Lawrence,2020,https://doi.org/10.1029/2020PA003858,NaN,,NaN,0.201190471,0.020748666,0
ODP846,NaN,-3.095,-90.81833,-3.458060967,-92.93958667,-3.592857549,-93.91903842,3296,195.945,226.535,5.6919,0.607664307,tex,NaN,NaN,Lawrence,2020,https://doi.org/10.1029/2020PA003858,NaN,,NaN,0.199244682,0.062403573,0
ODP846,NaN,-3.095,-90.81833,-3.458060967,-92.93958667,-3.592857549,-93.91903842,3296,196.095,226.655,5.6945,0.606525076,tex,NaN,NaN,Lawrence,2020,https://doi.org/10.1029/2020PA003858,NaN,,NaN,0.205103206,0.036880387,0
ODP846,NaN,-3.095,-90.81833,-3.458060967,-92.93958667,-3.592857549,-93.91903842,3296,196.245,226.775,5.69694,0.621837147,tex,NaN,NaN,Lawrence,2020,https://doi.org/10.1029/2020PA003858,NaN,,NaN,0.200736491,0.034817213,0
ODP846,NaN,-3.095,-90.81833,-3.458060967,-92.93958667,-3.592857549,-93.91903842,3296,196.395,226.92,5.7025,0.622164883,tex,NaN,NaN,Lawrence,2020,https://doi.org/10.1029/2020PA003858,NaN,,NaN,0.199168065,0.06980196,0
ODP846,NaN,-3.095,-90.81833,-3.458060967,-92.93958667,-3.592857549,-93.91903842,3296,196.545,227.085,5.71171,0.637358902,tex,NaN,NaN,Lawrence,2020,https://doi.org/10.1029/2020PA003858,NaN,,NaN,0.22051075,0.04481452,0
ODP846,NaN,-3.095,-90.81833,-3.458060967,-92.93958667,-3.592857549,-93.91903842,3296,196.695,227.315,5.72285,0.641497355,tex,NaN,NaN,Lawrence,2020,https://doi.org/10.1029/2020PA003858,NaN,,NaN,0.1998429,0.040005835,0
ODP846,NaN,-3.095,-90.81833,-3.458060967,-92.93958667,-3.592857549,-93.91903842,3296,196.845,227.405,5.72394,0.65342808,tex,NaN,NaN,Lawrence,2020,https://doi.org/10.1029/2020PA003858,NaN,,NaN,0.196088034,0.041620263,0
ODP846,NaN,-3.095,-90.81833,-3.458060967,-92.93958667,-3.592857549,-93.91903842,3296,196.995,227.54,5.7265,0.652756459,tex,NaN,NaN,Lawrence,2020,https://doi.org/10.1029/2020PA003858,NaN,,NaN,0.199764315,0.015789523,0
ODP846,NaN,-3.095,-90.81833,-3.458060967,-92.93958667,-3.592857549,-93.91903842,3296,197.145,227.665,5.72867,0.610293693,tex,NaN,NaN,Lawrence,2020,https://doi.org/10.1029/2020PA003858,NaN,,NaN,0.224401917,0.016266287,0
ODP846,NaN,-3.095,-90.81833,-3.458060967,-92.93958667,-3.592857549,-93.91903842,3296,197.295,227.855,5.73181,0.609575716,tex,NaN,NaN,Lawrence,2020,https://doi.org/10.1029/2020PA003858,NaN,,NaN,0.213462575,0.011292712,0
ODP846,NaN,-3.095,-90.81833,-3.458060967,-92.93958667,-3.592857549,-93.91903842,3296,197.445,228.055,5.73494,0.618079815,tex,NaN,NaN,Lawrence,2020,https://doi.org/10.1029/2020PA003858,NaN,,NaN,0.219916435,0.047811098,0
ODP846,NaN,-3.095,-90.81833,-3.458060967,-92.93958667,-3.592857549,-93.91903842,3296,197.595,228.235,5.7385,0.641861422,tex,NaN,NaN,Lawrence,2020,https://doi.org/10.1029/2020PA003858,NaN,,NaN,0.204094416,0.063267017,0
ODP846,NaN,-3.095,-90.81833,-3.458060967,-92.93958667,-3.592857549,-93.91903842,3296,197.745,228.385,5.74094,0.622300325,tex,NaN,NaN,Lawrence,2020,https://doi.org/10.1029/2020PA003858,NaN,,NaN,0.199051826,0.066829474,0
ODP846,NaN,-3.095,-90.81833,-3.458060967,-92.93958667,-3.592857549,-93.91903842,3296,197.895,228.57,5.744,0.629167203,tex,NaN,NaN,Lawrence,2020,https://doi.org/10.1029/2020PA003858,NaN,,NaN,0.206466626,0.062713053,0
ODP846,NaN,-3.095,-90.81833,-3.458060967,-92.93958667,-3.592857549,-93.91903842,3296,198.045,228.745,5.74692,0.645420259,tex,NaN,NaN,Lawrence,2020,https://doi.org/10.1029/2020PA003858,NaN,,NaN,0.200065143,0.058311407,0
ODP846,NaN,-3.095,-90.81833,-3.458060967,-92.93958667,-3.592857549,-93.91903842,3296,198.195,228.88,5.7495,0.650381052,tex,NaN,NaN,Lawrence,2020,https://doi.org/10.1029/2020PA003858,NaN,,NaN,0.215780865,0.018107469,0
ODP846,NaN,-3.095,-90.81833,-3.458060967,-92.93958667,-3.592857549,-93.91903842,3296,198.345,228.975,5.75092,0.635556277,tex,NaN,NaN,Lawrence,2020,https://doi.org/10.1029/2020PA003858,NaN,,NaN,0.207205882,0.042128607,0
ODP846,NaN,-3.095,-90.81833,-3.458060967,-92.93958667,-3.592857549,-93.91903842,3296,198.495,229.05,5.75224,0.611201848,tex,NaN,NaN,Lawrence,2020,https://doi.org/10.1029/2020PA003858,NaN,,NaN,0.21476728,0.021128943,0
ODP846,NaN,-3.095,-90.81833,-3.458060967,-92.93958667,-3.592857549,-93.91903842,3296,198.645,229.105,5.75288,0.589854917,tex,NaN,NaN,Lawrence,2020,https://doi.org/10.1029/2020PA003858,NaN,,NaN,0.222781931,0.022340608,0
ODP846,NaN,-3.095,-90.81833,-3.458060967,-92.93958667,-3.592857549,-93.91903842,3296,198.795,229.18,5.75376,0.580137045,tex,NaN,NaN,Lawrence,2020,https://doi.org/10.1029/2020PA003858,NaN,,NaN,0.244565145,0.003948599,0
ODP846,NaN,-3.095,-90.81833,-3.458060967,-92.93958667,-3.592857549,-93.91903842,3296,198.945,229.245,5.7545,0.576081198,tex,NaN,NaN,Lawrence,2020,https://doi.org/10.1029/2020PA003858,NaN,,NaN,0.245184834,0.003302025,0
ODP846,NaN,-3.095,-90.81833,-3.458060967,-92.93958667,-3.592857549,-93.91903842,3296,199.095,229.325,5.75535,0.592213521,tex,NaN,NaN,Lawrence,2020,https://doi.org/10.1029/2020PA003858,NaN,,NaN,0.218659207,0.027436786,0
ODP846,NaN,-3.095,-90.81833,-3.458060967,-92.93958667,-3.592857549,-93.91903842,3296,199.245,229.435,5.7569,0.617197285,tex,NaN,NaN,Lawrence,2020,https://doi.org/10.1029/2020PA003858,NaN,,NaN,0.197236424,0.027007176,0
ODP846,NaN,-3.095,-90.81833,-3.458060967,-92.93958667,-3.592857549,-93.91903842,3296,199.395,229.575,5.7585,0.632230379,tex,NaN,NaN,Lawrence,2020,https://doi.org/10.1029/2020PA003858,NaN,,NaN,0.197705438,0.050671232,0
ODP846,NaN,-3.095,-90.81833,-3.458060967,-92.93958667,-3.592857549,-93.91903842,3296,199.545,229.695,5.75994,0.635226212,tex,NaN,NaN,Lawrence,2020,https://doi.org/10.1029/2020PA003858,NaN,,NaN,0.208757836,0.03432969,0
ODP846,NaN,-3.095,-90.81833,-3.458060967,-92.93958667,-3.592857549,-93.91903842,3296,199.695,229.795,5.76079,0.635581358,tex,NaN,NaN,Lawrence,2020,https://doi.org/10.1029/2020PA003858,NaN,,NaN,0.202814381,0.030532366,0
ODP846,NaN,-3.095,-90.81833,-3.458060967,-92.93958667,-3.592857549,-93.91903842,3296,199.845,229.855,5.76139,0.651832656,tex,NaN,NaN,Lawrence,2020,https://doi.org/10.1029/2020PA003858,NaN,,NaN,0.196904262,0.062275299,0
ODP846,NaN,-3.095,-90.81833,-3.458060967,-92.93958667,-3.592857549,-93.91903842,3296,199.995,229.935,5.76221,0.64759434,tex,NaN,NaN,Lawrence,2020,https://doi.org/10.1029/2020PA003858,NaN,,NaN,0.201258553,0.033099089,0
ODP846,NaN,-3.095,-90.81833,-3.458060967,-92.93958667,-3.592857549,-93.91903842,3296,200.145,230.025,5.76296,0.629686998,tex,NaN,NaN,Lawrence,2020,https://doi.org/10.1029/2020PA003858,NaN,,NaN,0.204822573,0.019474669,0
ODP846,NaN,-3.095,-90.81833,-3.458060967,-92.93958667,-3.592857549,-93.91903842,3296,200.295,230.51,5.7691,0.620758257,tex,NaN,NaN,Lawrence,2020,https://doi.org/10.1029/2020PA003858,NaN,,NaN,0.202965224,0.015955655,0
ODP846,NaN,-3.095,-90.81833,-3.458060967,-92.93958667,-3.592857549,-93.91903842,3296,200.445,230.775,5.77172,0.643551424,tex,NaN,NaN,Lawrence,2020,https://doi.org/10.1029/2020PA003858,NaN,,NaN,0.200197599,0.014132324,0
ODP846,NaN,-3.095,-90.81833,-3.458060967,-92.93958667,-3.592857549,-93.91903842,3296,200.595,230.82,5.7725,0.646374025,tex,NaN,NaN,Lawrence,2020,https://doi.org/10.1029/2020PA003858,NaN,,NaN,0.204488705,0.0344661,0
ODP846,NaN,-3.095,-90.81833,-3.458060967,-92.93958667,-3.592857549,-93.91903842,3296,200.745,230.925,5.79188,0.622434074,tex,NaN,NaN,Lawrence,2020,https://doi.org/10.1029/2020PA003858,NaN,,NaN,0.215619306,0.034605804,0
ODP846,NaN,-3.095,-90.81833,-3.458060967,-92.93958667,-3.592857549,-93.91903842,3296,200.895,232.115,5.79426,0.6532268,tex,NaN,NaN,Lawrence,2020,https://doi.org/10.1029/2020PA003858,NaN,,NaN,0.203887427,0.004607791,0
ODP846,NaN,-3.095,-90.81833,-3.458060967,-92.93958667,-3.592857549,-93.91903842,3296,201.145,232.185,5.79468,0.635827713,tex,NaN,NaN,Lawrence,2020,https://doi.org/10.1029/2020PA003858,NaN,,NaN,0.204545118,0.019637378,0
ODP846,NaN,-3.095,-90.81833,-3.458060967,-92.93958667,-3.592857549,-93.91903842,3296,201.295,232.355,5.79568,0.637925419,tex,NaN,NaN,Lawrence,2020,https://doi.org/10.1029/2020PA003858,NaN,,NaN,0.203168256,0.033384485,0
ODP846,NaN,-3.095,-90.81833,-3.458060967,-92.93958667,-3.592857549,-93.91903842,3296,201.445,232.545,5.79696,0.631031968,tex,NaN,NaN,Lawrence,2020,https://doi.org/10.1029/2020PA003858,NaN,,NaN,0.203755322,0.002581982,0
ODP846,NaN,-3.095,-90.81833,-3.458060967,-92.93958667,-3.592857549,-93.91903842,3296,201.595,232.7,5.79805,0.635281897,tex,NaN,NaN,Lawrence,2020,https://doi.org/10.1029/2020PA003858,NaN,,NaN,0.209749486,0.010611546,0
ODP846,NaN,-3.095,-90.81833,-3.458060967,-92.93958667,-3.592857549,-93.91903842,3296,201.745,232.815,5.79866,0.643086539,tex,NaN,NaN,Lawrence,2020,https://doi.org/10.1029/2020PA003858,NaN,,NaN,0.211053942,0.065831523,0
ODP846,NaN,-3.095,-90.81833,-3.458060967,-92.93958667,-3.592857549,-93.91903842,3296,201.895,232.91,5.79914,0.653857813,tex,NaN,NaN,Lawrence,2020,https://doi.org/10.1029/2020PA003858,NaN,,NaN,0.213935352,0.048267353,0
ODP846,NaN,-3.095,-90.81833,-3.458060967,-92.93958667,-3.592857549,-93.91903842,3296,202.045,232.995,5.79955,0.638796491,tex,NaN,NaN,Lawrence,2020,https://doi.org/10.1029/2020PA003858,NaN,,NaN,0.214892102,0.039015463,0
ODP846,NaN,-3.095,-90.81833,-3.458060967,-92.93958667,-3.592857549,-93.91903842,3296,202.195,233.073,5.79992,0.644660734,tex,NaN,NaN,Lawrence,2020,https://doi.org/10.1029/2020PA003858,NaN,,NaN,0.215827453,0.043285538,0
ODP846,NaN,-3.095,-90.81833,-3.458060967,-92.93958667,-3.592857549,-93.91903842,3296,202.345,233.135,5.80035,0.664913099,tex,NaN,NaN,Lawrence,2020,https://doi.org/10.1029/2020PA003858,NaN,,NaN,0.214950098,0.046220145,0
ODP846,NaN,-3.095,-90.81833,-3.458060967,-92.93958667,-3.592857549,-93.91903842,3296,202.495,233.204,5.80088,0.666730777,tex,NaN,NaN,Lawrence,2020,https://doi.org/10.1029/2020PA003858,NaN,,NaN,0.206560823,0.044561744,0
ODP846,NaN,-3.095,-90.81833,-3.458060967,-92.93958667,-3.592857549,-93.91903842,3296,202.645,233.305,5.80139,0.683001281,tex,NaN,NaN,Lawrence,2020,https://doi.org/10.1029/2020PA003858,NaN,,NaN,0.208710409,0.048391485,0
ODP846,NaN,-3.095,-90.81833,-3.458060967,-92.93958667,-3.592857549,-93.91903842,3296,202.795,233.402,5.80183,0.679124849,tex,NaN,NaN,Lawrence,2020,https://doi.org/10.1029/2020PA003858,NaN,,NaN,0.213505807,0.0396145,0
ODP846,NaN,-3.095,-90.81833,-3.458060967,-92.93958667,-3.592857549,-93.91903842,3296,202.945,233.495,5.80239,0.635848172,tex,NaN,NaN,Lawrence,2020,https://doi.org/10.1029/2020PA003858,NaN,,NaN,0.216051664,0.013638448,0
ODP846,NaN,-3.095,-90.81833,-3.458060967,-92.93958667,-3.592857549,-93.91903842,3296,203.095,233.612,5.80314,0.637897987,tex,NaN,NaN,Lawrence,2020,https://doi.org/10.1029/2020PA003858,NaN,,NaN,0.219038167,0.011212311,0
ODP846,NaN,-3.095,-90.81833,-3.458060967,-92.93958667,-3.592857549,-93.91903842,3296,203.245,233.725,5.80363,0.653369519,tex,NaN,NaN,Lawrence,2020,https://doi.org/10.1029/2020PA003858,NaN,,NaN,0.214466298,0.011222377,0
ODP846,NaN,-3.095,-90.81833,-3.458060967,-92.93958667,-3.592857549,-93.91903842,3296,203.395,233.846,5.80423,0.658260544,tex,NaN,NaN,Lawrence,2020,https://doi.org/10.1029/2020PA003858,NaN,,NaN,0.229583968,0.000204537,0
ODP846,NaN,-3.095,-90.81833,-3.458060967,-92.93958667,-3.592857549,-93.91903842,3296,203.535,233.965,5.80497,0.653819067,tex,NaN,NaN,Lawrence,2020,https://doi.org/10.1029/2020PA003858,NaN,,NaN,0.215499614,0.035150023,0
ODP846,NaN,-3.095,-90.81833,-3.458060967,-92.93958667,-3.592857549,-93.91903842,3296,203.695,234.091,5.80571,0.674900259,tex,NaN,NaN,Lawrence,2020,https://doi.org/10.1029/2020PA003858,NaN,,NaN,0.206707014,0.019939396,0
ODP846,NaN,-3.095,-90.81833,-3.458060967,-92.93958667,-3.592857549,-93.91903842,3296,203.845,234.225,5.8065,0.664112733,tex,NaN,NaN,Lawrence,2020,https://doi.org/10.1029/2020PA003858,NaN,,NaN,0.212802313,0.002971682,0
ODP846,NaN,-3.095,-90.81833,-3.458060967,-92.93958667,-3.592857549,-93.91903842,3296,203.995,234.355,5.80724,0.646456224,tex,NaN,NaN,Lawrence,2020,https://doi.org/10.1029/2020PA003858,NaN,,NaN,0.214243928,0.021745558,0
ODP846,NaN,-3.095,-90.81833,-3.458060967,-92.93958667,-3.592857549,-93.91903842,3296,204.145,234.495,5.80797,0.651430788,tex,NaN,NaN,Lawrence,2020,https://doi.org/10.1029/2020PA003858,NaN,,NaN,0.217598542,0.032411943,0
ODP846,NaN,-3.095,-90.81833,-3.458060967,-92.93958667,-3.592857549,-93.91903842,3296,204.295,234.645,5.80921,0.653915517,tex,NaN,NaN,Lawrence,2020,https://doi.org/10.1029/2020PA003858,NaN,,NaN,0.207673175,0.028435683,0
ODP846,NaN,-3.095,-90.81833,-3.458060967,-92.93958667,-3.592857549,-93.91903842,3296,204.445,234.805,5.80998,0.669157578,tex,NaN,NaN,Lawrence,2020,https://doi.org/10.1029/2020PA003858,NaN,,NaN,0.202185807,0.046890251,0
ODP846,NaN,-3.095,-90.81833,-3.458060967,-92.93958667,-3.592857549,-93.91903842,3296,204.595,234.97,5.81123,0.670327579,tex,NaN,NaN,Lawrence,2020,https://doi.org/10.1029/2020PA003858,NaN,,NaN,0.204259069,0.039049229,0
ODP846,NaN,-3.095,-90.81833,-3.458060967,-92.93958667,-3.592857549,-93.91903842,3296,204.745,235.135,5.81198,0.672238177,tex,NaN,NaN,Lawrence,2020,https://doi.org/10.1029/2020PA003858,NaN,,NaN,0.202286032,0.029334259,0
ODP846,NaN,-3.095,-90.81833,-3.458060967,-92.93958667,-3.592857549,-93.91903842,3296,204.895,235.295,5.81274,0.668168341,tex,NaN,NaN,Lawrence,2020,https://doi.org/10.1029/2020PA003858,NaN,,NaN,0.209389961,0.006893908,0
ODP846,NaN,-3.095,-90.81833,-3.458060967,-92.93958667,-3.592857549,-93.91903842,3296,205.045,235.445,5.81395,0.652866389,tex,NaN,NaN,Lawrence,2020,https://doi.org/10.1029/2020PA003858,NaN,,NaN,0.2347723,0.018349158,0
ODP846,NaN,-3.095,-90.81833,-3.458060967,-92.93958667,-3.592857549,-93.91903842,3296,205.195,235.581,5.81546,0.633140802,tex,NaN,NaN,Lawrence,2020,https://doi.org/10.1029/2020PA003858,NaN,,NaN,0.210684003,0.008052468,0
ODP846,NaN,-3.095,-90.81833,-3.458060967,-92.93958667,-3.592857549,-93.91903842,3296,205.345,235.705,5.81788,0.629829713,tex,NaN,NaN,Lawrence,2020,https://doi.org/10.1029/2020PA003858,NaN,,NaN,0.216094341,0.032151714,0
ODP846,NaN,-3.095,-90.81833,-3.458060967,-92.93958667,-3.592857549,-93.91903842,3296,205.495,235.831,5.82091,0.624553103,tex,NaN,NaN,Lawrence,2020,https://doi.org/10.1029/2020PA003858,NaN,,NaN,0.223479068,0.080884127,0
ODP846,NaN,-3.095,-90.81833,-3.458060967,-92.93958667,-3.592857549,-93.91903842,3296,205.645,235.955,5.82388,0.627247858,tex,NaN,NaN,Lawrence,2020,https://doi.org/10.1029/2020PA003858,NaN,,NaN,0.213743548,0.021797422,0
ODP846,NaN,-3.095,-90.81833,-3.458060967,-92.93958667,-3.592857549,-93.91903842,3296,205.795,236.091,5.82737,0.634304805,tex,NaN,NaN,Lawrence,2020,https://doi.org/10.1029/2020PA003858,NaN,,NaN,0.216183317,0.021854216,0
ODP846,NaN,-3.095,-90.81833,-3.458060967,-92.93958667,-3.592857549,-93.91903842,3296,205.945,236.235,5.8309,0.625745418,tex,NaN,NaN,Lawrence,2020,https://doi.org/10.1029/2020PA003858,NaN,,NaN,0.224018378,0.033823718,0
ODP846,NaN,-3.095,-90.81833,-3.458060967,-92.93958667,-3.592857549,-93.91903842,3296,206.095,236.39,5.83536,0.636384707,tex,NaN,NaN,Lawrence,2020,https://doi.org/10.1029/2020PA003858,NaN,,NaN,0.219272287,0.01312339,0
ODP846,NaN,-3.095,-90.81833,-3.458060967,-92.93958667,-3.592857549,-93.91903842,3296,206.245,236.555,5.83986,0.631371974,tex,NaN,NaN,Lawrence,2020,https://doi.org/10.1029/2020PA003858,NaN,,NaN,0.22913872,0.020697838,0
ODP846,NaN,-3.095,-90.81833,-3.458060967,-92.93958667,-3.592857549,-93.91903842,3296,206.395,236.73,5.84436,0.654065935,tex,NaN,NaN,Lawrence,2020,https://doi.org/10.1029/2020PA003858,NaN,,NaN,0.210068325,0.008168295,0
ODP846,NaN,-3.095,-90.81833,-3.458060967,-92.93958667,-3.592857549,-93.91903842,3296,206.545,236.895,5.84886,0.645677005,tex,NaN,NaN,Lawrence,2020,https://doi.org/10.1029/2020PA003858,NaN,,NaN,0.214978632,0.034361212,0
ODP846,NaN,-3.095,-90.81833,-3.458060967,-92.93958667,-3.592857549,-93.91903842,3296,206.695,237.055,5.85235,0.645083621,tex,NaN,NaN,Lawrence,2020,https://doi.org/10.1029/2020PA003858,NaN,,NaN,0.209016505,0.016478174,0
ODP846,NaN,-3.095,-90.81833,-3.458060967,-92.93958667,-3.592857549,-93.91903842,3296,206.845,237.205,5.85685,0.666515806,tex,NaN,NaN,Lawrence,2020,https://doi.org/10.1029/2020PA003858,NaN,,NaN,0.197362668,0.017221344,0
ODP846,NaN,-3.095,-90.81833,-3.458060967,-92.93958667,-3.592857549,-93.91903842,3296,206.995,237.355,5.86035,0.640130623,tex,NaN,NaN,Lawrence,2020,https://doi.org/10.1029/2020PA003858,NaN,,NaN,0.215887034,0.019413475,0
ODP846,NaN,-3.095,-90.81833,-3.458060967,-92.93958667,-3.592857549,-93.91903842,3296,207.145,237.495,5.86389,0.642153324,tex,NaN,NaN,Lawrence,2020,https://doi.org/10.1029/2020PA003858,NaN,,NaN,0.216356901,0.027464101,0
ODP846,NaN,-3.095,-90.81833,-3.458060967,-92.93958667,-3.592857549,-93.91903842,3296,207.295,237.645,5.86835,0.62163223,tex,NaN,NaN,Lawrence,2020,https://doi.org/10.1029/2020PA003858,NaN,,NaN,0.220254,0.01145803,0
ODP846,NaN,-3.095,-90.81833,-3.458060967,-92.93958667,-3.592857549,-93.91903842,3296,207.445,237.795,5.87285,0.617414903,tex,NaN,NaN,Lawrence,2020,https://doi.org/10.1029/2020PA003858,NaN,,NaN,0.223712833,0.001202095,0
ODP846,NaN,-3.095,-90.81833,-3.458060967,-92.93958667,-3.592857549,-93.91903842,3296,207.595,237.96,5.8775,0.621884859,tex,NaN,NaN,Lawrence,2020,https://doi.org/10.1029/2020PA003858,NaN,,NaN,0.218115421,0.065064982,0
ODP846,NaN,-3.095,-90.81833,-3.458060967,-92.93958667,-3.592857549,-93.91903842,3296,207.745,238.115,5.88186,0.624026932,tex,NaN,NaN,Lawrence,2020,https://doi.org/10.1029/2020PA003858,NaN,,NaN,0.214620322,0.007676173,0
ODP846,NaN,-3.095,-90.81833,-3.458060967,-92.93958667,-3.592857549,-93.91903842,3296,207.895,238.28,5.8865,0.630786587,tex,NaN,NaN,Lawrence,2020,https://doi.org/10.1029/2020PA003858,NaN,,NaN,0.217324491,0.014334212,0
ODP846,NaN,-3.095,-90.81833,-3.458060967,-92.93958667,-3.592857549,-93.91903842,3296,208.045,238.425,5.8899,0.639602664,tex,NaN,NaN,Lawrence,2020,https://doi.org/10.1029/2020PA003858,NaN,,NaN,0.214896166,0.031444385,0
ODP846,NaN,-3.095,-90.81833,-3.458060967,-92.93958667,-3.592857549,-93.91903842,3296,208.195,238.575,5.8939,0.660077514,tex,NaN,NaN,Lawrence,2020,https://doi.org/10.1029/2020PA003858,NaN,,NaN,0.213740982,0.031895893,0
ODP846,NaN,-3.095,-90.81833,-3.458060967,-92.93958667,-3.592857549,-93.91903842,3296,208.345,238.715,5.89689,0.653212142,tex,NaN,NaN,Lawrence,2020,https://doi.org/10.1029/2020PA003858,NaN,,NaN,0.21694666,0.035250414,0
ODP846,NaN,-3.095,-90.81833,-3.458060967,-92.93958667,-3.592857549,-93.91903842,3296,208.495,238.895,5.9017,0.644047943,tex,NaN,NaN,Lawrence,2020,https://doi.org/10.1029/2020PA003858,NaN,,NaN,0.214407214,0.030635984,0
ODP846,NaN,-3.095,-90.81833,-3.458060967,-92.93958667,-3.592857549,-93.91903842,3296,208.645,238.995,5.90389,0.62532254,tex,NaN,NaN,Lawrence,2020,https://doi.org/10.1029/2020PA003858,NaN,,NaN,0.225613428,0.022492277,0
ODP846,NaN,-3.095,-90.81833,-3.458060967,-92.93958667,-3.592857549,-93.91903842,3296,208.795,239.145,5.9079,0.632455052,tex,NaN,NaN,Lawrence,2020,https://doi.org/10.1029/2020PA003858,NaN,,NaN,0.223038229,0.033093471,0
ODP846,NaN,-3.095,-90.81833,-3.458060967,-92.93958667,-3.592857549,-93.91903842,3296,208.945,239.295,5.91185,0.657689125,tex,NaN,NaN,Lawrence,2020,https://doi.org/10.1029/2020PA003858,NaN,,NaN,0.218366119,0.065839585,0
ODP846,NaN,-3.095,-90.81833,-3.458060967,-92.93958667,-3.592857549,-93.91903842,3296,209.095,239.445,5.91535,0.648659923,tex,NaN,NaN,Lawrence,2020,https://doi.org/10.1029/2020PA003858,NaN,,NaN,0.216706865,0.014847207,0
ODP846,NaN,-3.095,-90.81833,-3.458060967,-92.93958667,-3.592857549,-93.91903842,3296,209.245,239.595,5.9189,0.622268211,tex,NaN,NaN,Lawrence,2020,https://doi.org/10.1029/2020PA003858,NaN,,NaN,0.22547218,0.019808096,0
ODP846,NaN,-3.095,-90.81833,-3.458060967,-92.93958667,-3.592857549,-93.91903842,3296,209.395,239.745,5.9229,0.621984544,tex,NaN,NaN,Lawrence,2020,https://doi.org/10.1029/2020PA003858,NaN,,NaN,0.219532145,0.019809566,0
ODP846,NaN,-3.095,-90.81833,-3.458060967,-92.93958667,-3.592857549,-93.91903842,3296,209.545,239.895,5.92685,0.623286942,tex,NaN,NaN,Lawrence,2020,https://doi.org/10.1029/2020PA003858,NaN,,NaN,0.217534656,0.017479843,0
ODP846,NaN,-3.095,-90.81833,-3.458060967,-92.93958667,-3.592857549,-93.91903842,3296,209.695,239.895,5.92685,0.627759525,tex,NaN,NaN,Lawrence,2020,https://doi.org/10.1029/2020PA003858,NaN,,NaN,0.210388597,0.052241013,0
ODP846,NaN,-3.095,-90.81833,-3.458060967,-92.93958667,-3.592857549,-93.91903842,3296,209.845,240.195,5.9339,0.652718163,tex,NaN,NaN,Lawrence,2020,https://doi.org/10.1029/2020PA003858,NaN,,NaN,0.215909417,0.001812849,0
ODP846,NaN,-3.095,-90.81833,-3.458060967,-92.93958667,-3.592857549,-93.91903842,3296,209.995,240.345,5.9379,0.651857389,tex,NaN,NaN,Lawrence,2020,https://doi.org/10.1029/2020PA003858,NaN,,NaN,0.208797596,0.050154896,0
ODP846,NaN,-3.095,-90.81833,-3.458060967,-92.93958667,-3.592857549,-93.91903842,3296,210.145,240.495,5.94185,0.658838347,tex,NaN,NaN,Lawrence,2020,https://doi.org/10.1029/2020PA003858,NaN,,NaN,0.20841923,0.013122865,0
ODP846,NaN,-3.095,-90.81833,-3.458060967,-92.93958667,-3.592857549,-93.91903842,3296,210.295,240.65,5.9455,0.65707192,tex,NaN,NaN,Lawrence,2020,https://doi.org/10.1029/2020PA003858,NaN,,NaN,0.228177834,0.113685744,0
ODP846,NaN,-3.095,-90.81833,-3.458060967,-92.93958667,-3.592857549,-93.91903842,3296,210.445,240.805,5.9495,0.659613044,tex,NaN,NaN,Lawrence,2020,https://doi.org/10.1029/2020PA003858,NaN,,NaN,0.217950741,0.037258504,0
ODP846,NaN,-3.095,-90.81833,-3.458060967,-92.93958667,-3.592857549,-93.91903842,3296,206.895,240.905,5.952,0.669448983,tex,NaN,NaN,Lawrence,2020,https://doi.org/10.1029/2020PA003858,NaN,,NaN,0.195013812,0.018746881,0
ODP846,NaN,-3.095,-90.81833,-3.458060967,-92.93958667,-3.592857549,-93.91903842,3296,207.045,241.025,5.95489,0.65956062,tex,NaN,NaN,Lawrence,2020,https://doi.org/10.1029/2020PA003858,NaN,,NaN,0.201180652,0.008059033,0
ODP846,NaN,-3.095,-90.81833,-3.458060967,-92.93958667,-3.592857549,-93.91903842,3296,207.195,241.19,5.959,0.660298415,tex,NaN,NaN,Lawrence,2020,https://doi.org/10.1029/2020PA003858,NaN,,NaN,0.203990299,0.004519708,0
ODP846,NaN,-3.095,-90.81833,-3.458060967,-92.93958667,-3.592857549,-93.91903842,3296,207.345,241.345,5.96286,0.638927322,tex,NaN,NaN,Lawrence,2020,https://doi.org/10.1029/2020PA003858,NaN,,NaN,0.205916245,0.010618334,0
ODP846,NaN,-3.095,-90.81833,-3.458060967,-92.93958667,-3.592857549,-93.91903842,3296,207.495,241.495,5.96682,0.635377288,tex,NaN,NaN,Lawrence,2020,https://doi.org/10.1029/2020PA003858,NaN,,NaN,0.209754049,0.059270977,0
ODP846,NaN,-3.095,-90.81833,-3.458060967,-92.93958667,-3.592857549,-93.91903842,3296,207.645,241.645,5.97083,0.651901086,tex,NaN,NaN,Lawrence,2020,https://doi.org/10.1029/2020PA003858,NaN,,NaN,0.199763659,0.061511402,0
ODP846,NaN,-3.095,-90.81833,-3.458060967,-92.93958667,-3.592857549,-93.91903842,3296,207.795,241.785,5.9739,0.661918431,tex,NaN,NaN,Lawrence,2020,https://doi.org/10.1029/2020PA003858,NaN,,NaN,0.198051969,0.044853478,0
ODP846,NaN,-3.095,-90.81833,-3.458060967,-92.93958667,-3.592857549,-93.91903842,3296,207.945,241.945,5.97786,0.65570531,tex,NaN,NaN,Lawrence,2020,https://doi.org/10.1029/2020PA003858,NaN,,NaN,0.200047488,0.057631564,0
ODP846,NaN,-3.095,-90.81833,-3.458060967,-92.93958667,-3.592857549,-93.91903842,3296,208.095,241.995,5.97935,0.648342027,tex,NaN,NaN,Lawrence,2020,https://doi.org/10.1029/2020PA003858,NaN,,NaN,0.216924422,0.011158675,0
ODP846,NaN,-3.095,-90.81833,-3.458060967,-92.93958667,-3.592857549,-93.91903842,3296,208.245,242.255,5.9835,0.644523896,tex,NaN,NaN,Lawrence,2020,https://doi.org/10.1029/2020PA003858,NaN,,NaN,0.211647635,0.035159201,0
ODP846,NaN,-3.095,-90.81833,-3.458060967,-92.93958667,-3.592857549,-93.91903842,3296,208.395,242.455,5.98643,0.631227639,tex,NaN,NaN,Lawrence,2020,https://doi.org/10.1029/2020PA003858,NaN,,NaN,0.216812191,0.012074176,0
ODP846,NaN,-3.095,-90.81833,-3.458060967,-92.93958667,-3.592857549,-93.91903842,3296,208.545,242.555,5.98793,0.63110255,tex,NaN,NaN,Lawrence,2020,https://doi.org/10.1029/2020PA003858,NaN,,NaN,0.216983622,0.004879833,0
ODP846,NaN,-3.095,-90.81833,-3.458060967,-92.93958667,-3.592857549,-93.91903842,3296,208.695,242.695,5.99041,0.625574265,tex,NaN,NaN,Lawrence,2020,https://doi.org/10.1029/2020PA003858,NaN,,NaN,0.215320438,0.00080806,0
ODP846,NaN,-3.095,-90.81833,-3.458060967,-92.93958667,-3.592857549,-93.91903842,3296,208.845,242.835,5.99194,0.634036189,tex,NaN,NaN,Lawrence,2020,https://doi.org/10.1029/2020PA003858,NaN,,NaN,0.213098183,0.00535055,0
ODP846,NaN,-3.095,-90.81833,-3.458060967,-92.93958667,-3.592857549,-93.91903842,3296,208.995,242.895,5.9931,0.628397861,tex,NaN,NaN,Lawrence,2020,https://doi.org/10.1029/2020PA003858,NaN,,NaN,0.215465734,0.014683753,0
ODP846,NaN,-3.095,-90.81833,-3.458060967,-92.93958667,-3.592857549,-93.91903842,3296,209.145,243.15,5.9965,0.627549827,tex,NaN,NaN,Lawrence,2020,https://doi.org/10.1029/2020PA003858,NaN,,NaN,0.212985404,0.05779986,0
ODP846,NaN,-3.095,-90.81833,-3.458060967,-92.93958667,-3.592857549,-93.91903842,3296,209.294,243.295,5.9989,0.652407081,tex,NaN,NaN,Lawrence,2020,https://doi.org/10.1029/2020PA003858,NaN,,NaN,0.218712431,0.00521621,0
ODP846,NaN,-3.095,-90.81833,-3.458060967,-92.93958667,-3.592857549,-93.91903842,3296,209.445,243.445,6.00173,0.648318481,tex,NaN,NaN,Lawrence,2020,https://doi.org/10.1029/2020PA003858,NaN,,NaN,0.217008634,0.001292785,0
ODP846,NaN,-3.095,-90.81833,-3.458060967,-92.93958667,-3.592857549,-93.91903842,3296,209.595,243.605,6.0035,0.649930428,tex,NaN,NaN,Lawrence,2020,https://doi.org/10.1029/2020PA003858,NaN,,NaN,0.217886264,0.004469827,0
ODP846,NaN,-3.095,-90.81833,-3.458060967,-92.93958667,-3.592857549,-93.91903842,3296,209.745,243.745,6.0059,0.660039422,tex,NaN,NaN,Lawrence,2020,https://doi.org/10.1029/2020PA003858,NaN,,NaN,0.208622123,0.012061869,0
ODP846,NaN,-3.095,-90.81833,-3.458060967,-92.93958667,-3.592857549,-93.91903842,3296,209.895,243.885,6.0079,0.655088545,tex,NaN,NaN,Lawrence,2020,https://doi.org/10.1029/2020PA003858,NaN,,NaN,0.199411455,0.006335507,0
ODP846,NaN,-3.095,-90.81833,-3.458060967,-92.93958667,-3.592857549,-93.91903842,3296,210.045,244.035,6.00995,0.66051841,tex,NaN,NaN,Lawrence,2020,https://doi.org/10.1029/2020PA003858,NaN,,NaN,0.208869795,0.048743402,0
ODP846,NaN,-3.095,-90.81833,-3.458060967,-92.93958667,-3.592857549,-93.91903842,3296,210.195,244.195,6.01245,0.663062577,tex,NaN,NaN,Lawrence,2020,https://doi.org/10.1029/2020PA003858,NaN,,NaN,0.2062169,0.007534777,0
ODP846,NaN,-3.095,-90.81833,-3.458060967,-92.93958667,-3.592857549,-93.91903842,3296,210.345,244.355,6.01491,0.632614245,tex,NaN,NaN,Lawrence,2020,https://doi.org/10.1029/2020PA003858,NaN,,NaN,0.202990181,0.050713207,0
ODP846,NaN,-3.095,-90.81833,-3.458060967,-92.93958667,-3.592857549,-93.91903842,3296,210.495,244.505,6.01682,0.647705762,tex,NaN,NaN,Lawrence,2020,https://doi.org/10.1029/2020PA003858,NaN,,NaN,0.209626719,0.007121716,0
ODP846,NaN,-3.095,-90.81833,-3.458060967,-92.93958667,-3.592857549,-93.91903842,3296,210.645,244.655,6.01894,0.628671521,tex,NaN,NaN,Lawrence,2020,https://doi.org/10.1029/2020PA003858,NaN,,NaN,0.207691277,0.002339031,0
ODP846,NaN,-3.095,-90.81833,-3.458060967,-92.93958667,-3.592857549,-93.91903842,3296,210.795,244.795,6.02141,0.619106488,tex,NaN,NaN,Lawrence,2020,https://doi.org/10.1029/2020PA003858,NaN,,NaN,0.211192187,0.017488505,0
ODP846,NaN,-3.095,-90.81833,-3.458060967,-92.93958667,-3.592857549,-93.91903842,3296,210.945,244.935,6.02294,0.620733277,tex,NaN,NaN,Lawrence,2020,https://doi.org/10.1029/2020PA003858,NaN,,NaN,0.212333146,0.019646319,0